header

title = "planar counterflow diffusion flame"
author = "Heinz Pitsch, ITM Aachen, Germany"
date = "Mon Nov 30 14:42:48 1992"

fuel = "C3H8"
pressure = 1 [bar]
strainrate = 100

OxidizerSide
begin
	Temperature = 298 [K]
	Massfraction-N2 = 0.76708
	Massfraction-O2 = 0.23292
end

FuelSide
begin
	Temperature = 298 [K]
	Massfraction-C3H8 = 1
end

numOfSpecies = 31
gridPoints = 105

body
eta
	0.000000e+00	2.000000e-01	4.000001e-01	6.000001e-01	8.000000e-01
	1.000000e+00	1.200000e+00	1.400000e+00	1.600000e+00	1.800000e+00
	2.000000e+00	2.199838e+00	2.381285e+00	2.536799e+00	2.679073e+00
	2.795657e+00	2.887316e+00	2.951734e+00	2.996235e+00	3.031799e+00
	3.066454e+00	3.112040e+00	3.171419e+00	3.227824e+00	3.300958e+00
	3.406592e+00	3.505335e+00	3.559980e+00	3.596548e+00	3.624629e+00
	3.648166e+00	3.668204e+00	3.684313e+00	3.696403e+00	3.706583e+00
	3.716422e+00	3.726351e+00	3.736110e+00	3.745678e+00	3.755975e+00
	3.766616e+00	3.776659e+00	3.786737e+00	3.797977e+00	3.808938e+00
	3.818462e+00	3.827507e+00	3.836837e+00	3.846119e+00	3.855071e+00
	3.864170e+00	3.872733e+00	3.880567e+00	3.888473e+00	3.896613e+00
	3.905004e+00	3.914992e+00	3.927383e+00	3.939810e+00	3.951551e+00
	3.964292e+00	3.979502e+00	3.999056e+00	4.022524e+00	4.049758e+00
	4.083385e+00	4.126770e+00	4.173740e+00	4.209090e+00	4.234020e+00
	4.258500e+00	4.287010e+00	4.331530e+00	4.398060e+00	4.465170e+00
	4.509580e+00	4.544970e+00	4.577720e+00	4.610660e+00	4.651120e+00
	4.711860e+00	4.788960e+00	4.863210e+00	4.946730e+00	5.049640e+00
	5.203010e+00	5.390460e+00	5.590460e+00	5.790460e+00	5.990460e+00
	6.190460e+00	6.390460e+00	6.590460e+00	6.790460e+00	6.990460e+00
	7.190460e+00	7.390460e+00	7.590460e+00	7.790460e+00	7.990460e+00
	8.190460e+00	8.390460e+00	8.590460e+00	8.790460e+00	8.990460e+00
y
	0.000000e+00	5.231553e-05	1.047152e-04	1.572324e-04	2.099166e-04
	2.628415e-04	3.161196e-04	3.699299e-04	4.245700e-04	4.805444e-04
	5.387041e-04	6.003829e-04	6.612269e-04	7.187842e-04	7.774687e-04
	8.311185e-04	8.776166e-04	9.129421e-04	9.387618e-04	9.602895e-04
	9.820733e-04	1.012007e-03	1.053327e-03	1.095228e-03	1.153731e-03
	1.247442e-03	1.346319e-03	1.406333e-03	1.448742e-03	1.482582e-03
	1.511825e-03	1.537370e-03	1.558348e-03	1.574354e-03	1.588009e-03
	1.601362e-03	1.614993e-03	1.628545e-03	1.641983e-03	1.656611e-03
	1.671913e-03	1.686527e-03	1.701364e-03	1.718115e-03	1.734660e-03
	1.749204e-03	1.763164e-03	1.777715e-03	1.792344e-03	1.806599e-03
	1.821236e-03	1.835148e-03	1.847993e-03	1.861070e-03	1.874655e-03
	1.888788e-03	1.905782e-03	1.927125e-03	1.948824e-03	1.969595e-03
	1.992437e-03	2.020118e-03	2.056371e-03	2.100879e-03	2.153915e-03
	2.221481e-03	2.312105e-03	2.414723e-03	2.495171e-03	2.553635e-03
	2.612486e-03	2.682866e-03	2.796545e-03	2.971630e-03	3.146836e-03
	3.258844e-03	3.345340e-03	3.422948e-03	3.498434e-03	3.587342e-03
	3.712320e-03	3.855797e-03	3.978472e-03	4.099677e-03	4.227998e-03
	4.385369e-03	4.539136e-03	4.672649e-03	4.786070e-03	4.886779e-03
	4.979470e-03	5.067137e-03	5.151689e-03	5.234334e-03	5.315829e-03
	5.396640e-03	5.477050e-03	5.557231e-03	5.637282e-03	5.717259e-03
	5.797197e-03	5.877114e-03	5.957018e-03	6.036917e-03	6.116813e-03

f
	-3.450666e+00	-3.288870e+00	-3.127049e+00	-2.965181e+00	-2.803231e+00
	-2.641142e+00	-2.478813e+00	-2.316053e+00	-2.152491e+00	-1.987420e+00
	-1.819555e+00	-1.646877e+00	-1.483494e+00	-1.336498e+00	-1.194320e+00
	-1.071444e+00	-9.702772e-01	-8.966923e-01	-8.445974e-01	-8.021231e-01
	-7.599073e-01	-7.028869e-01	-6.259661e-01	-5.503952e-01	-4.480089e-01
	-2.904674e-01	-1.344940e-01	-4.550282e-02	1.524059e-02	6.258230e-02
	1.027480e-01	1.372909e-01	1.652833e-01	1.864161e-01	2.042980e-01
	2.216621e-01	2.392669e-01	2.566488e-01	2.737656e-01	2.922726e-01
	3.114889e-01	3.297050e-01	3.480645e-01	3.686388e-01	3.887944e-01
	4.063757e-01	4.231341e-01	4.404843e-01	4.578073e-01	4.745720e-01
	4.916699e-01	5.078114e-01	5.226202e-01	5.376070e-01	5.530808e-01
	5.690779e-01	5.881826e-01	6.119779e-01	6.359351e-01	6.586491e-01
	6.833886e-01	7.130452e-01	7.513640e-01	7.976059e-01	8.515728e-01
	9.185972e-01	1.005552e+00	1.100004e+00	1.171124e+00	1.221240e+00
	1.270367e+00	1.327395e+00	1.415751e+00	1.545391e+00	1.672794e+00
	1.755379e+00	1.820009e+00	1.878759e+00	1.936746e+00	2.006275e+00
	2.106810e+00	2.228390e+00	2.340234e+00	2.460017e+00	2.599638e+00
	2.793340e+00	3.014198e+00	3.237322e+00	3.452057e+00	3.661274e+00
	3.866930e+00	4.070333e+00	4.272340e+00	4.473501e+00	4.674160e+00
	4.874526e+00	5.074726e+00	5.274832e+00	5.474888e+00	5.674917e+00
	5.874931e+00	6.074937e+00	6.274940e+00	6.474941e+00	6.674941e+00
df/deta
	8.089298e-01	8.089799e-01	8.091042e-01	8.093398e-01	8.097491e-01
	8.104450e-01	8.116470e-01	8.138023e-01	8.178081e-01	8.253534e-01
	8.393243e-01	8.640905e-01	9.004483e-01	9.452266e-01	9.993226e-01
	1.053968e+00	1.103734e+00	1.142301e+00	1.170652e+00	1.194299e+00
	1.218177e+00	1.250830e+00	1.295423e+00	1.339789e+00	1.399984e+00
	1.491390e+00	1.579587e+00	1.628537e+00	1.661101e+00	1.685902e+00
	1.706498e+00	1.723860e+00	1.737683e+00	1.747969e+00	1.756565e+00
	1.764815e+00	1.773076e+00	1.781132e+00	1.788963e+00	1.797314e+00
	1.805855e+00	1.813830e+00	1.821743e+00	1.830458e+00	1.838839e+00
	1.846022e+00	1.852755e+00	1.859607e+00	1.866324e+00	1.872707e+00
	1.879095e+00	1.885011e+00	1.890339e+00	1.895633e+00	1.900994e+00
	1.906423e+00	1.912752e+00	1.920395e+00	1.927820e+00	1.934606e+00
	1.941708e+00	1.949817e+00	1.959627e+00	1.970440e+00	1.981596e+00
	1.993171e+00	2.004254e+00	2.010908e+00	2.011864e+00	2.010278e+00
	2.006813e+00	2.000295e+00	1.984627e+00	1.948608e+00	1.898425e+00
	1.859593e+00	1.826215e+00	1.793884e+00	1.760387e+00	1.718458e+00
	1.655180e+00	1.576913e+00	1.506316e+00	1.434179e+00	1.356733e+00
	1.262968e+00	1.178228e+00	1.115620e+00	1.073672e+00	1.046085e+00
	1.028280e+00	1.017016e+00	1.010037e+00	1.005805e+00	1.003292e+00
	1.001831e+00	1.000999e+00	1.000534e+00	1.000279e+00	1.000142e+00
	1.000070e+00	1.000033e+00	1.000014e+00	1.000004e+00	1.000000e+00
Z
	1.000000e+00	1.000000e+00	9.999996e-01	9.999976e-01	9.999886e-01
	9.999545e-01	9.998427e-01	9.995188e-01	9.986770e-01	9.966859e-01
	9.923502e-01	9.835756e-01	9.690410e-01	9.490822e-01	9.224498e-01
	8.930865e-01	8.644422e-01	8.411232e-01	8.234112e-01	8.082928e-01
	7.927254e-01	7.709733e-01	7.404582e-01	7.092560e-01	6.657655e-01
	5.977238e-01	5.304991e-01	4.927494e-01	4.675206e-01	4.482620e-01
	4.322490e-01	4.187368e-01	4.079690e-01	3.999499e-01	3.932425e-01
	3.868009e-01	3.803439e-01	3.740419e-01	3.679082e-01	3.613586e-01
	3.546489e-01	3.483732e-01	3.421329e-01	3.352432e-01	3.285980e-01
	3.228847e-01	3.175122e-01	3.120263e-01	3.066261e-01	3.014729e-01
	2.962917e-01	2.914685e-01	2.871015e-01	2.827389e-01	2.782946e-01
	2.737637e-01	2.684381e-01	2.619345e-01	2.555276e-01	2.495819e-01
	2.432483e-01	2.358496e-01	2.265970e-01	2.158766e-01	2.039557e-01
	1.899910e-01	1.731551e-01	1.563313e-01	1.445555e-01	1.366667e-01
	1.292246e-01	1.209090e-01	1.086374e-01	9.193902e-02	7.714361e-02
	6.847782e-02	6.219184e-02	5.684582e-02	5.190574e-02	4.640338e-02
	3.921003e-02	3.168346e-02	2.586176e-02	2.067488e-02	1.581259e-02
	1.075032e-02	6.794672e-03	4.189825e-03	2.581699e-03	1.581962e-03
	9.604431e-04	5.762489e-04	3.410794e-04	1.989352e-04	1.142477e-04
	6.456638e-05	3.588533e-05	1.959547e-05	1.049351e-05	5.489978e-06
	2.783463e-06	1.342629e-06	5.875660e-07	1.979714e-07	0.000000e+00
massfraction-N2
	1.000000e-30	3.019762e-04	8.020650e-04	1.606092e-03	2.863015e-03
	4.776727e-03	7.619554e-03	1.174786e-02	1.762074e-02	2.582354e-02
	3.709878e-02	5.237218e-02	7.065765e-02	9.043508e-02	1.124842e-01
	1.337829e-01	1.527884e-01	1.674162e-01	1.781596e-01	1.871309e-01
	1.962094e-01	2.086692e-01	2.258010e-01	2.430285e-01	2.667618e-01
	3.037986e-01	3.411016e-01	3.626833e-01	3.774501e-01	3.889454e-01
	3.986728e-01	4.070129e-01	4.137523e-01	4.188282e-01	4.231131e-01
	4.272630e-01	4.314583e-01	4.355885e-01	4.396434e-01	4.440124e-01
	4.485320e-01	4.528006e-01	4.570862e-01	4.618673e-01	4.665295e-01
	4.705793e-01	4.744236e-01	4.783863e-01	4.823249e-01	4.861193e-01
	4.899709e-01	4.935902e-01	4.968962e-01	5.002269e-01	5.036497e-01
	5.071708e-01	5.113511e-01	5.165192e-01	5.216804e-01	5.265345e-01
	5.317754e-01	5.379926e-01	5.459168e-01	5.553139e-01	5.660464e-01
	5.790112e-01	5.952088e-01	6.119756e-01	6.239958e-01	6.321332e-01
	6.398338e-01	6.484253e-01	6.610061e-01	6.778476e-01	6.924449e-01
	7.008484e-01	7.068866e-01	7.119896e-01	7.166827e-01	7.218894e-01
	7.286730e-01	7.357610e-01	7.412567e-01	7.461844e-01	7.508557e-01
	7.558077e-01	7.597716e-01	7.624514e-01	7.641501e-01	7.652344e-01
	7.659270e-01	7.663674e-01	7.666450e-01	7.668180e-01	7.669245e-01
	7.669890e-01	7.670275e-01	7.670502e-01	7.670633e-01	7.670708e-01
	7.670750e-01	7.670773e-01	7.670786e-01	7.670793e-01	7.670796e-01
massfraction-O2
	1.000000e-30	2.653271e-07	7.103156e-07	1.434080e-06	2.577485e-06
	4.334902e-06	6.967511e-06	1.081832e-05	1.632946e-05	2.406288e-05
	3.472602e-05	4.919004e-05	6.649830e-05	8.518366e-05	1.059585e-04
	1.259640e-04	1.437635e-04	1.574306e-04	1.674507e-04	1.758070e-04
	1.842530e-04	1.958286e-04	2.117148e-04	2.276558e-04	2.495640e-04
	2.836395e-04	3.178385e-04	3.375791e-04	3.510709e-04	3.615667e-04
	3.704448e-04	3.780549e-04	3.842037e-04	3.888347e-04	3.927441e-04
	3.965305e-04	4.003588e-04	4.041282e-04	4.078295e-04	4.118185e-04
	4.159463e-04	4.198465e-04	4.237641e-04	4.281371e-04	4.324047e-04
	4.361147e-04	4.396395e-04	4.432766e-04	4.468959e-04	4.503873e-04
	4.539369e-04	4.572781e-04	4.603356e-04	4.634222e-04	4.666016e-04
	4.698810e-04	4.737879e-04	4.786421e-04	4.835224e-04	4.881491e-04
	4.931943e-04	4.992631e-04	5.071723e-04	5.169139e-04	5.287864e-04
	5.449185e-04	5.703891e-04	6.115804e-04	6.665851e-04	7.328979e-04
	8.387742e-04	1.057146e-03	1.831781e-03	6.243548e-03	2.320994e-02
	3.862770e-02	5.188366e-02	6.438015e-02	7.684210e-02	9.166810e-02
	1.123585e-01	1.351598e-01	1.531981e-01	1.693429e-01	1.844551e-01
	2.001654e-01	2.124151e-01	2.204375e-01	2.253429e-01	2.283531e-01
	2.301959e-01	2.313157e-01	2.319886e-01	2.323876e-01	2.326206e-01
	2.327544e-01	2.328301e-01	2.328721e-01	2.328951e-01	2.329074e-01
	2.329140e-01	2.329173e-01	2.329191e-01	2.329200e-01	2.329204e-01
massfraction-H
	1.000000e-30	4.007544e-18	8.654164e-18	1.376007e-17	1.872922e-17
	2.300369e-17	2.658198e-17	3.026277e-17	3.590180e-17	4.785371e-17
	7.930974e-17	1.828024e-16	5.589044e-16	1.929744e-15	7.273856e-15
	2.408055e-14	6.452497e-14	1.308139e-13	2.138011e-13	3.165858e-13
	4.637111e-13	7.632685e-13	1.450149e-12	2.657113e-12	5.761882e-12
	1.740281e-11	5.044278e-11	9.371187e-11	1.434681e-10	2.002830e-10
	2.661442e-10	3.402504e-10	4.156205e-10	4.837644e-10	5.503333e-10
	6.239530e-10	7.089248e-10	8.045253e-10	9.116903e-10	1.044191e-09
	1.202935e-09	1.376623e-09	1.578156e-09	1.840662e-09	2.142226e-09
	2.447643e-09	2.781384e-09	3.177434e-09	3.632327e-09	4.138240e-09
	4.731185e-09	5.373848e-09	6.045234e-09	6.815770e-09	7.721604e-09
	8.793991e-09	1.028503e-08	1.252525e-08	1.531624e-08	1.858713e-08
	2.301889e-08	2.987099e-08	4.211322e-08	6.448485e-08	1.079693e-07
	2.108786e-07	5.286230e-07	1.545982e-06	3.676644e-06	6.797069e-06
	1.205248e-05	2.226131e-05	5.059001e-05	1.219084e-04	1.334990e-04
	1.135480e-04	9.373679e-05	7.578201e-05	5.952255e-05	4.278502e-05
	2.444601e-05	1.078729e-05	4.293493e-06	1.297161e-06	2.390655e-07
	2.021626e-08	1.473856e-09	1.895026e-10	4.131070e-11	1.181222e-11
	3.955613e-12	1.460723e-12	5.720129e-13	2.313031e-13	9.483798e-14
	3.893010e-14	1.584851e-14	6.346501e-15	2.477338e-15	9.305367e-16
	3.289802e-16	1.048028e-16	2.717770e-17	4.136382e-18	1.000000e-30
massfraction-OH
	1.000000e-30	1.738596e-23	1.169053e-22	4.469738e-22	1.356889e-21
	3.632824e-21	9.031107e-21	2.166154e-20	5.238879e-20	1.360753e-19
	4.141204e-19	1.625374e-18	7.404294e-18	3.322094e-17	1.497157e-16
	5.524216e-16	1.597821e-15	3.435128e-15	5.893644e-15	9.147565e-15
	1.416417e-14	2.559694e-14	5.738539e-14	1.296737e-13	4.007497e-13
	2.293939e-12	1.271646e-11	3.352931e-11	6.436916e-11	1.063705e-10
	1.622245e-10	2.325581e-10	3.108607e-10	3.866838e-10	4.648201e-10
	5.554217e-10	6.648993e-10	7.936878e-10	9.443669e-10	1.138871e-09
	1.382410e-09	1.660344e-09	1.995968e-09	2.451499e-09	2.996708e-09
	3.569233e-09	4.215054e-09	5.005122e-09	5.939783e-09	7.008480e-09
	8.294409e-09	9.722678e-09	1.124742e-08	1.303254e-08	1.517207e-08
	1.775332e-08	2.141481e-08	2.704277e-08	3.421330e-08	4.278116e-08
	5.459775e-08	7.319730e-08	1.070658e-07	1.700959e-07	2.945685e-07
	5.943186e-07	1.556105e-06	4.986297e-06	1.369229e-05	2.968287e-05
	6.398730e-05	1.516828e-04	4.944707e-04	2.014480e-03	3.492462e-03
	3.593898e-03	3.364852e-03	3.011488e-03	2.586680e-03	2.041434e-03
	1.299637e-03	6.309832e-04	2.774352e-04	1.027976e-04	3.193680e-05
	9.217754e-06	3.415790e-06	1.585321e-06	8.546095e-07	5.017647e-07
	3.097934e-07	1.968825e-07	1.270120e-07	8.239165e-08	5.339261e-08
	3.440206e-08	2.195665e-08	1.383220e-08	8.565172e-09	5.180935e-09
	3.028465e-09	1.674363e-09	8.321870e-10	3.144901e-10	1.000000e-30
massfraction-O
	1.000000e-30	2.714365e-24	1.547161e-23	4.957378e-23	1.211020e-22
	2.488528e-22	4.552660e-22	7.765775e-22	1.293332e-21	2.234218e-21
	4.389084e-21	1.100953e-20	3.415177e-20	1.148033e-19	4.109472e-19
	1.286349e-18	3.285248e-18	6.443900e-18	1.031118e-17	1.503730e-17
	2.174639e-17	3.535547e-17	6.686340e-17	1.243459e-16	2.878163e-16
	1.110567e-15	5.009989e-15	1.290743e-14	2.517912e-14	4.272792e-14
	6.716971e-14	9.930895e-14	1.364951e-13	1.736653e-13	2.129839e-13
	2.596965e-13	3.175554e-13	3.873700e-13	4.711724e-13	5.823160e-13
	7.256214e-13	8.941182e-13	1.103750e-12	1.397658e-12	1.761864e-12
	2.157132e-12	2.616875e-12	3.197037e-12	3.905842e-12	4.742895e-12
	5.783534e-12	6.977760e-12	8.292797e-12	9.879819e-12	1.184293e-11
	1.429133e-11	1.789773e-11	2.370695e-11	3.151325e-11	4.135085e-11
	5.569176e-11	7.978413e-11	1.274710e-10	2.261515e-10	4.476902e-10
	1.071462e-09	3.492733e-09	1.397822e-08	4.568243e-08	1.171499e-07
	3.264926e-07	1.259078e-06	1.263822e-05	3.365005e-04	1.279265e-03
	1.632276e-03	1.719171e-03	1.677738e-03	1.552247e-03	1.328853e-03
	9.471045e-04	5.288536e-04	2.655804e-04	1.149131e-04	4.496486e-05
	1.751772e-05	8.340047e-06	4.679574e-06	2.901417e-06	1.888504e-06
	1.257404e-06	8.442890e-07	5.669448e-07	3.787781e-07	2.509306e-07
	1.644272e-07	1.063424e-07	6.771647e-08	4.230965e-08	2.579088e-08
	1.517847e-08	8.442606e-09	4.218763e-09	1.601921e-09	1.000000e-30
massfraction-H2
	1.000000e-30	3.103720e-05	6.543767e-05	1.033994e-04	1.451234e-04
	1.908207e-04	2.407246e-04	2.951077e-04	3.543101e-04	4.187809e-04
	4.891382e-04	5.661829e-04	6.429429e-04	7.147552e-04	7.860919e-04
	8.490822e-04	9.017655e-04	9.405734e-04	9.682818e-04	9.909709e-04
	1.013557e-03	1.044000e-03	1.084935e-03	1.125195e-03	1.179438e-03
	1.261947e-03	1.343534e-03	1.390506e-03	1.422651e-03	1.447717e-03
	1.468977e-03	1.487254e-03	1.502065e-03	1.513247e-03	1.522708e-03
	1.531889e-03	1.541192e-03	1.550373e-03	1.559408e-03	1.569170e-03
	1.579298e-03	1.588895e-03	1.598560e-03	1.609382e-03	1.619977e-03
	1.629216e-03	1.638017e-03	1.647123e-03	1.656208e-03	1.664996e-03
	1.673952e-03	1.682401e-03	1.690148e-03	1.697983e-03	1.706065e-03
	1.714414e-03	1.724370e-03	1.736749e-03	1.749189e-03	1.760959e-03
	1.773744e-03	1.789008e-03	1.808604e-03	1.831995e-03	1.858758e-03
	1.890643e-03	1.927681e-03	1.954900e-03	1.953494e-03	1.931191e-03
	1.884538e-03	1.791236e-03	1.554557e-03	1.022529e-03	5.480600e-04
	3.723783e-04	2.762418e-04	2.097647e-04	1.588378e-04	1.130672e-04
	7.020528e-05	4.453295e-05	3.445961e-05	2.949345e-05	2.597585e-05
	2.219216e-05	1.852514e-05	1.535105e-05	1.273614e-05	1.055232e-05
	8.713101e-06	7.157668e-06	5.841231e-06	4.729024e-06	3.792679e-06
	3.008097e-06	2.354281e-06	1.812670e-06	1.366796e-06	1.002074e-06
	7.056541e-07	4.663026e-07	2.742807e-07	1.212212e-07	1.000000e-30
massfraction-H2O
	1.000000e-30	5.249481e-05	1.397055e-04	2.803037e-04	5.005876e-04
	8.365145e-04	1.335926e-03	2.060896e-03	3.090048e-03	4.520499e-03
	6.468652e-03	9.066017e-03	1.210372e-02	1.529675e-02	1.874430e-02
	2.196777e-02	2.476255e-02	2.686550e-02	2.838532e-02	2.963939e-02
	3.089513e-02	3.259778e-02	3.490182e-02	3.717866e-02	4.025588e-02
	4.493798e-02	4.953290e-02	5.214787e-02	5.392212e-02	5.529603e-02
	5.645429e-02	5.744453e-02	5.824301e-02	5.884350e-02	5.934986e-02
	5.983981e-02	6.033473e-02	6.082160e-02	6.129927e-02	6.181364e-02
	6.234544e-02	6.284748e-02	6.335134e-02	6.391327e-02	6.446113e-02
	6.493698e-02	6.538868e-02	6.585432e-02	6.631720e-02	6.676324e-02
	6.721614e-02	6.764188e-02	6.803091e-02	6.842304e-02	6.882622e-02
	6.924121e-02	6.973428e-02	7.034449e-02	7.095467e-02	7.152934e-02
	7.215081e-02	7.288951e-02	7.383365e-02	7.495763e-02	7.624804e-02
	7.781807e-02	7.979994e-02	8.187807e-02	8.337906e-02	8.438778e-02
	8.531589e-02	8.627262e-02	8.732824e-02	8.717234e-02	8.328838e-02
	7.937783e-02	7.594308e-02	7.262117e-02	6.918982e-02	6.490222e-02
	5.843623e-02	5.048023e-02	4.345175e-02	3.653045e-02	2.946551e-02
	2.143349e-02	1.453509e-02	9.554516e-03	6.219526e-03	3.998836e-03
	2.535453e-03	1.583972e-03	9.745612e-04	5.903755e-04	3.520627e-04
	2.066176e-04	1.192763e-04	6.766177e-05	3.764017e-05	2.044954e-05
	1.075689e-05	5.374475e-06	2.430086e-06	8.430447e-07	1.000000e-30
massfraction-HO2
	1.000000e-30	2.941258e-10	7.904209e-10	1.602218e-09	2.891553e-09
	4.883405e-09	7.882214e-09	1.229124e-08	1.863613e-08	2.759493e-08
	4.003765e-08	5.706013e-08	7.761651e-08	9.998590e-08	1.249967e-07
	1.491184e-07	1.704995e-07	1.867795e-07	1.985940e-07	2.083422e-07
	2.180752e-07	2.311747e-07	2.485616e-07	2.650401e-07	2.855776e-07
	3.106774e-07	3.235088e-07	3.242189e-07	3.216690e-07	3.179009e-07
	3.134627e-07	3.087353e-07	3.042931e-07	3.005826e-07	2.972088e-07
	2.937332e-07	2.900144e-07	2.861561e-07	2.821823e-07	2.777006e-07
	2.728547e-07	2.680918e-07	2.631385e-07	2.574247e-07	2.516811e-07
	2.465719e-07	2.416335e-07	2.364688e-07	2.312795e-07	2.262465e-07
	2.211244e-07	2.163200e-07	2.119567e-07	2.076019e-07	2.031888e-07
	1.987365e-07	1.935965e-07	1.875190e-07	1.818387e-07	1.769304e-07
	1.721867e-07	1.674301e-07	1.629623e-07	1.603787e-07	1.615895e-07
	1.696473e-07	1.901998e-07	2.211755e-07	2.436520e-07	2.551818e-07
	2.640256e-07	2.841863e-07	4.044554e-07	1.208539e-06	4.015226e-06
	6.339004e-06	8.234940e-06	9.982062e-06	1.173485e-05	1.391275e-05
	1.735298e-05	2.211303e-05	2.628490e-05	2.812842e-05	2.248628e-05
	9.742566e-06	2.960196e-06	9.997858e-07	4.137481e-07	1.978518e-07
	1.039495e-07	5.790531e-08	3.332851e-08	1.944721e-08	1.134645e-08
	6.555887e-09	3.726697e-09	2.074750e-09	1.127044e-09	5.947099e-10
	3.024076e-10	1.455837e-10	6.335411e-11	2.118360e-11	1.000000e-30
massfraction-H2O2
	1.000000e-30	8.749870e-12	2.359686e-11	4.798403e-11	8.678951e-11
	1.466305e-10	2.360375e-10	3.652974e-10	5.456101e-10	7.870138e-10
	1.094462e-09	1.461571e-09	1.825685e-09	2.134820e-09	2.389853e-09
	2.558696e-09	2.654014e-09	2.695955e-09	2.710951e-09	2.713910e-09
	2.708502e-09	2.688005e-09	2.636514e-09	2.559294e-09	2.414733e-09
	2.110170e-09	1.720137e-09	1.464032e-09	1.279299e-09	1.132292e-09
	1.007396e-09	9.013441e-10	8.173260e-10	7.555660e-10	7.047327e-10
	6.568505e-10	6.099997e-10	5.656055e-10	5.238675e-10	4.811201e-10
	4.395061e-10	4.027714e-10	3.684871e-10	3.333605e-10	3.022698e-10
	2.777423e-10	2.565162e-10	2.366353e-10	2.187618e-10	2.031902e-10
	1.889023e-10	1.767408e-10	1.666015e-10	1.572358e-10	1.484142e-10
	1.401038e-10	1.311405e-10	1.212579e-10	1.125421e-10	1.052810e-10
	9.836930e-11	9.132116e-11	8.401437e-11	7.761300e-11	7.310584e-11
	7.141795e-11	7.544784e-11	9.544502e-11	1.690678e-10	3.837791e-10
	1.097353e-09	4.010356e-09	2.509356e-08	3.178816e-07	1.555518e-06
	2.600292e-06	3.519352e-06	4.488072e-06	5.649361e-06	7.461284e-06
	1.129652e-05	1.718454e-05	1.833047e-05	1.506999e-05	1.121566e-05
	7.537468e-06	4.800415e-06	3.009766e-06	1.884494e-06	1.168573e-06
	7.144596e-07	4.296992e-07	2.539473e-07	1.474087e-07	8.403270e-08
	4.704321e-08	2.585795e-08	1.394717e-08	7.370982e-09	3.803852e-09
	1.902069e-09	9.051290e-10	3.910739e-10	1.302570e-10	1.000000e-30
massfraction-CO
	1.000000e-30	2.332279e-05	6.214019e-05	1.248332e-04	2.232388e-04
	3.735995e-04	5.976373e-04	9.237730e-04	1.388550e-03	2.038372e-03
	2.931743e-03	4.140999e-03	5.586456e-03	7.146668e-03	8.882182e-03
	1.055486e-02	1.204450e-02	1.318924e-02	1.402905e-02	1.472976e-02
	1.543829e-02	1.640988e-02	1.774420e-02	1.908418e-02	2.092740e-02
	2.379773e-02	2.668195e-02	2.834798e-02	2.948696e-02	3.037312e-02
	3.112271e-02	3.176521e-02	3.228428e-02	3.267517e-02	3.300510e-02
	3.332461e-02	3.364761e-02	3.396555e-02	3.427769e-02	3.461399e-02
	3.496186e-02	3.529041e-02	3.562027e-02	3.598825e-02	3.634709e-02
	3.665880e-02	3.695470e-02	3.725973e-02	3.756292e-02	3.785504e-02
	3.815158e-02	3.843026e-02	3.868483e-02	3.894134e-02	3.920497e-02
	3.947620e-02	3.979826e-02	4.019650e-02	4.059431e-02	4.096853e-02
	4.137270e-02	4.185233e-02	4.246393e-02	4.318965e-02	4.401909e-02
	4.502178e-02	4.627459e-02	4.756553e-02	4.847041e-02	4.905171e-02
	4.954793e-02	4.995864e-02	4.980087e-02	4.253884e-02	2.415451e-02
	1.594271e-02	1.141819e-02	8.418069e-03	6.254068e-03	4.445710e-03
	2.879370e-03	1.913705e-03	1.427069e-03	1.094451e-03	8.212106e-04
	5.521927e-04	3.459575e-04	2.113964e-04	1.289992e-04	7.823504e-05
	4.698925e-05	2.788015e-05	1.631388e-05	9.403770e-06	5.335920e-06
	2.978756e-06	1.635025e-06	8.816181e-07	4.661660e-07	2.408360e-07
	1.206107e-07	5.749585e-08	2.488765e-08	8.304050e-09	1.000000e-30
massfraction-CO2
	1.000000e-30	4.984139e-06	1.632702e-05	4.069531e-05	9.031595e-05
	1.864600e-04	3.643822e-04	6.799906e-04	1.218450e-03	2.104754e-03
	3.515902e-03	5.691230e-03	8.580498e-03	1.194664e-02	1.590473e-02
	1.987259e-02	2.349878e-02	2.633071e-02	2.842865e-02	3.019047e-02
	3.198142e-02	3.445120e-02	3.786612e-02	4.131751e-02	4.609403e-02
	5.358037e-02	6.112797e-02	6.548512e-02	6.846010e-02	7.077156e-02
	7.272408e-02	7.439531e-02	7.574369e-02	7.675797e-02	7.761326e-02
	7.844077e-02	7.927652e-02	8.009840e-02	8.090444e-02	8.177193e-02
	8.266820e-02	8.351364e-02	8.436135e-02	8.530574e-02	8.622528e-02
	8.702286e-02	8.777897e-02	8.855729e-02	8.932979e-02	9.007296e-02
	9.082624e-02	9.153306e-02	9.217779e-02	9.282649e-02	9.349218e-02
	9.417595e-02	9.498641e-02	9.598628e-02	9.698244e-02	9.791707e-02
	9.892368e-02	1.001143e-01	1.016261e-01	1.034103e-01	1.054359e-01
	1.078645e-01	1.108688e-01	1.139439e-01	1.161353e-01	1.176285e-01
	1.190703e-01	1.207572e-01	1.235513e-01	1.288503e-01	1.275351e-01
	1.204128e-01	1.126872e-01	1.047090e-01	9.639155e-02	8.626638e-02
	7.203275e-02	5.657325e-02	4.468521e-02	3.437246e-02	2.508271e-02
	1.591485e-02	9.222881e-03	5.154826e-03	2.859971e-03	1.568259e-03
	8.473467e-04	4.502371e-04	2.349863e-04	1.203855e-04	6.051847e-05
	2.984746e-05	1.444003e-05	6.850511e-06	3.184001e-06	1.446404e-06
	6.383682e-07	2.695369e-07	1.042343e-07	3.146949e-08	1.000000e-30
massfraction-CH
	1.000000e-30	1.355869e-29	8.513540e-30	1.000000e-30	1.000000e-30
	2.259868e-30	3.143990e-30	2.862327e-29	3.012092e-29	3.661705e-29
	5.197920e-30	5.544279e-30	4.065713e-28	3.452948e-28	1.760067e-28
	1.049174e-26	1.288911e-25	7.743191e-25	2.685924e-24	7.224371e-24
	1.885033e-23	6.549941e-23	3.217313e-22	1.433942e-21	9.525344e-21
	1.351783e-19	1.625435e-18	6.702609e-18	1.753673e-17	3.700948e-17
	6.963926e-17	1.198728e-16	1.862008e-16	2.598015e-16	3.444685e-16
	4.530486e-16	5.982117e-16	7.873786e-16	1.032495e-15	1.384518e-15
	1.878664e-15	2.511308e-15	3.367534e-15	4.681861e-15	6.474237e-15
	8.602299e-15	1.129157e-14	1.498097e-14	1.989357e-14	2.621476e-14
	3.478261e-14	4.549796e-14	5.829654e-14	7.501940e-14	9.748375e-14
	1.280388e-13	1.777055e-13	2.681567e-13	4.078169e-13	6.100773e-13
	9.512472e-13	1.632712e-12	3.321899e-12	8.000294e-12	2.311725e-11
	9.149295e-11	6.016336e-10	5.399720e-09	3.185252e-08	1.123695e-07
	3.630252e-07	1.259431e-06	6.090190e-06	7.896104e-06	4.307739e-07
	1.701043e-08	8.153135e-10	4.963297e-11	3.990373e-12	3.214082e-13
	1.612408e-14	5.832581e-16	2.723914e-17	1.040674e-18	2.262093e-20
	1.648281e-22	9.707011e-25	1.001867e-26	2.168572e-28	8.837118e-30
	1.000000e-30	1.000000e-30	1.000000e-30	1.000000e-30	1.000000e-30
	1.000000e-30	1.000000e-30	1.000000e-30	1.000000e-30	1.000000e-30
	1.000000e-30	1.000000e-30	1.000000e-30	1.000000e-30	1.000000e-30
massfraction-CHO
	1.000000e-30	5.657806e-19	1.794370e-18	4.037183e-18	7.508550e-18
	1.217461e-17	1.799946e-17	2.593854e-17	4.072793e-17	8.100382e-17
	2.269385e-16	8.802243e-16	3.852057e-15	1.571998e-14	5.963832e-14
	1.826773e-13	4.296001e-13	7.554953e-13	1.082396e-12	1.410581e-12
	1.786943e-12	2.355934e-12	3.172268e-12	3.951362e-12	4.920302e-12
	6.517290e-12	9.209730e-12	1.191276e-11	1.453589e-11	1.719319e-11
	1.999764e-11	2.291948e-11	2.571337e-11	2.812396e-11	3.039409e-11
	3.282404e-11	3.554118e-11	3.850517e-11	4.173017e-11	4.559860e-11
	5.009060e-11	5.485985e-11	6.023606e-11	6.702938e-11	7.459744e-11
	8.205335e-11	9.000038e-11	9.920317e-11	1.095183e-10	1.207225e-10
	1.335514e-10	1.471460e-10	1.610556e-10	1.767020e-10	1.947232e-10
	2.156129e-10	2.439757e-10	2.853590e-10	3.352724e-10	3.919263e-10
	4.661658e-10	5.765252e-10	7.639134e-10	1.084629e-09	1.659383e-09
	2.885657e-09	6.187496e-09	1.530132e-08	3.283698e-08	5.864468e-08
	1.056280e-07	2.145447e-07	6.411326e-07	9.532346e-07	1.603754e-07
	3.393676e-08	1.741743e-08	1.159489e-08	8.007280e-09	5.213597e-09
	2.928575e-09	1.520514e-09	7.256027e-10	2.226272e-10	3.050488e-11
	1.316355e-12	4.051684e-14	2.126534e-15	1.993875e-16	2.617666e-17
	4.290880e-18	8.173213e-19	1.712447e-19	3.785999e-20	8.571099e-21
	1.945585e-21	4.363164e-22	9.557784e-23	2.022984e-23	4.079052e-24
	7.651375e-25	1.273746e-25	1.685313e-26	1.245176e-27	1.000000e-30
massfraction-CH2
	1.000000e-30	2.727866e-24	8.801380e-24	2.120142e-23	4.345905e-23
	7.908705e-23	1.330765e-22	2.188649e-22	3.812324e-22	7.929954e-22
	2.329764e-21	1.163748e-20	8.843831e-20	7.672553e-19	7.268934e-18
	5.256437e-17	2.600662e-16	8.054592e-16	1.754365e-15	3.255042e-15
	5.917514e-15	1.286435e-14	3.473580e-14	8.778468e-14	2.833708e-13
	1.460687e-12	6.657836e-12	1.556296e-11	2.755668e-11	4.282517e-11
	6.207857e-11	8.528311e-11	1.102217e-10	1.337346e-10	1.574670e-10
	1.844855e-10	2.165619e-10	2.536601e-10	2.963685e-10	3.506186e-10
	4.174529e-10	4.925803e-10	5.820350e-10	7.017391e-10	8.430750e-10
	9.898012e-10	1.153716e-09	1.352469e-09	1.585696e-09	1.850489e-09
	2.167130e-09	2.517011e-09	2.889035e-09	3.323195e-09	3.842241e-09
	4.467317e-09	5.352878e-09	6.713572e-09	8.450336e-09	1.053323e-08
	1.342113e-08	1.800346e-08	2.645360e-08	4.249488e-08	7.506858e-08
	1.562436e-07	4.233693e-07	1.339294e-06	3.355256e-06	6.365507e-06
	1.137262e-05	2.038282e-05	3.787013e-05	1.378281e-05	4.655843e-07
	1.921379e-08	1.154949e-09	9.812630e-11	1.183919e-11	1.618773e-12
	1.882695e-13	2.179104e-14	3.503744e-15	6.117393e-16	1.030260e-16
	1.399193e-17	1.790696e-18	2.115664e-19	2.803581e-20	4.911759e-21
	1.189436e-21	3.817072e-22	1.510306e-22	6.851875e-23	3.347230e-23
	1.669644e-23	8.111393e-24	3.673894e-24	1.495163e-24	5.339402e-25
	1.653701e-25	4.358937e-26	9.076298e-27	1.093602e-27	1.000000e-30
massfraction-CH2O
	1.000000e-30	7.146017e-09	2.409005e-08	6.185569e-08	1.413406e-07
	2.999916e-07	6.015236e-07	1.149303e-06	2.103760e-06	3.703468e-06
	6.287937e-06	1.031274e-05	1.568167e-05	2.192846e-05	2.923382e-05
	3.649951e-05	4.308486e-05	4.819138e-05	5.195426e-05	5.510142e-05
	5.828887e-05	6.266550e-05	6.868182e-05	7.472274e-05	8.302173e-05
	9.589917e-05	1.087437e-04	1.161053e-04	1.211117e-04	1.249909e-04
	1.282608e-04	1.310546e-04	1.333053e-04	1.349962e-04	1.364207e-04
	1.377976e-04	1.391869e-04	1.405518e-04	1.418890e-04	1.433266e-04
	1.448100e-04	1.462073e-04	1.476065e-04	1.491626e-04	1.506748e-04
	1.519838e-04	1.532222e-04	1.544941e-04	1.557532e-04	1.569610e-04
	1.581814e-04	1.593223e-04	1.603591e-04	1.613981e-04	1.624592e-04
	1.635431e-04	1.648187e-04	1.663766e-04	1.679073e-04	1.693194e-04
	1.708085e-04	1.725166e-04	1.745774e-04	1.767902e-04	1.788696e-04
	1.803910e-04	1.797147e-04	1.735409e-04	1.637834e-04	1.547543e-04
	1.456784e-04	1.380789e-04	1.390057e-04	5.564255e-05	3.948830e-06
	2.854221e-07	2.627396e-08	3.004124e-09	4.174639e-10	5.949565e-11
	8.330297e-12	1.634054e-12	5.410482e-13	2.452440e-13	1.345529e-13
	7.605533e-14	4.356667e-14	2.487261e-14	1.410021e-14	7.846405e-15
	4.274016e-15	2.278492e-15	1.189372e-15	6.082523e-16	3.048867e-16
	1.498338e-16	7.220229e-17	3.410994e-17	1.578490e-17	7.138988e-18
	3.136892e-18	1.318802e-18	5.079510e-19	1.528075e-19	1.000000e-30
massfraction-CH3
	1.000000e-30	3.537530e-10	9.021268e-10	1.733018e-09	2.967148e-09
	4.770640e-09	7.375869e-09	1.111854e-08	1.650675e-08	2.435381e-08
	3.604130e-08	5.403836e-08	7.980452e-08	1.141938e-07	1.624241e-07
	2.218836e-07	2.886140e-07	3.510710e-07	4.043150e-07	4.542583e-07
	5.105252e-07	5.983695e-07	7.432895e-07	9.259616e-07	1.256034e-06
	2.033479e-06	3.388580e-06	4.638976e-06	5.779902e-06	6.877707e-06
	7.983843e-06	9.087329e-06	1.010159e-05	1.094792e-05	1.172322e-05
	1.253192e-05	1.341236e-05	1.434630e-05	1.533382e-05	1.648300e-05
	1.777365e-05	1.909739e-05	2.053865e-05	2.229235e-05	2.416719e-05
	2.594244e-05	2.776619e-05	2.980064e-05	3.199350e-05	3.428311e-05
	3.680213e-05	3.936607e-05	4.189053e-05	4.462562e-05	4.765471e-05
	5.102308e-05	5.538674e-05	6.139260e-05	6.816451e-05	7.534565e-05
	8.411019e-05	9.608148e-05	1.142839e-04	1.412015e-04	1.811278e-04
	2.467953e-04	3.655775e-04	5.465857e-04	7.149644e-04	8.295913e-04
	9.110727e-04	9.262337e-04	6.912802e-04	6.997219e-05	1.933792e-06
	8.873906e-08	6.130543e-09	5.601768e-10	6.195062e-11	6.659280e-12
	6.767987e-13	9.921603e-14	2.599921e-14	8.974967e-15	3.386465e-15
	1.152498e-15	3.985980e-16	1.490454e-16	6.150037e-17	2.740140e-17
	1.295882e-17	6.408572e-18	3.273555e-18	1.711161e-18	9.090249e-19
	4.880666e-19	2.635138e-19	1.423187e-19	7.642770e-20	4.049971e-20
	2.093385e-20	1.033078e-20	4.629872e-21	1.595704e-21	1.000000e-30
massfraction-CH4
	1.000000e-30	7.797044e-06	2.003863e-05	3.877009e-05	6.673866e-05
	1.075445e-04	1.658046e-04	2.473333e-04	3.593502e-04	5.107266e-04
	7.122893e-04	9.769371e-04	1.284655e-03	1.609198e-03	1.963202e-03
	2.298942e-03	2.594357e-03	2.819479e-03	2.983733e-03	3.120258e-03
	3.257867e-03	3.445898e-03	3.703001e-03	3.960062e-03	4.312117e-03
	4.857604e-03	5.403588e-03	5.718376e-03	5.933367e-03	6.100496e-03
	6.241741e-03	6.362682e-03	6.460276e-03	6.533686e-03	6.595581e-03
	6.655452e-03	6.715895e-03	6.775302e-03	6.833520e-03	6.896114e-03
	6.960693e-03	7.021502e-03	7.082342e-03	7.149926e-03	7.215486e-03
	7.272108e-03	7.325535e-03	7.380233e-03	7.434167e-03	7.485659e-03
	7.537393e-03	7.585445e-03	7.628796e-03	7.671889e-03	7.715485e-03
	7.759512e-03	7.810561e-03	7.871547e-03	7.929638e-03	7.981185e-03
	8.032840e-03	8.087603e-03	8.144557e-03	8.187176e-03	8.189077e-03
	8.092168e-03	7.724694e-03	6.837832e-03	5.696907e-03	4.655177e-03
	3.517133e-03	2.219304e-03	7.283920e-04	3.678760e-05	1.170095e-06
	7.434102e-08	7.347809e-09	9.330254e-10	1.343330e-10	1.772108e-11
	2.319381e-12	5.248118e-13	2.400411e-13	1.569179e-13	1.146535e-13
	7.872125e-14	5.097455e-14	3.223370e-14	2.033043e-14	1.273368e-14
	7.895608e-15	4.836321e-15	2.922282e-15	1.740188e-15	1.020595e-15
	5.891911e-16	3.345990e-16	1.867255e-16	1.021950e-16	5.463424e-17
	2.829112e-17	1.392482e-17	6.209155e-18	2.127420e-18	1.000000e-30
massfraction-C2H6
	1.000000e-30	6.020168e-08	2.010230e-07	5.111251e-07	1.156830e-06
	2.433490e-06	4.839889e-06	9.180710e-06	1.670123e-05	2.925579e-05
	4.950541e-05	8.109339e-05	1.234725e-04	1.732281e-04	2.320850e-04
	2.913550e-04	3.456918e-04	3.882127e-04	4.197513e-04	4.462582e-04
	4.732205e-04	5.104262e-04	5.619045e-04	6.139539e-04	6.859870e-04
	7.987469e-04	9.118457e-04	9.765320e-04	1.020309e-03	1.054031e-03
	1.082266e-03	1.106212e-03	1.125357e-03	1.139640e-03	1.151596e-03
	1.163081e-03	1.174588e-03	1.185808e-03	1.196709e-03	1.208318e-03
	1.220164e-03	1.231186e-03	1.242075e-03	1.253995e-03	1.265362e-03
	1.275010e-03	1.283955e-03	1.292940e-03	1.301611e-03	1.309696e-03
	1.317611e-03	1.324753e-03	1.331004e-03	1.337017e-03	1.342872e-03
	1.348521e-03	1.354690e-03	1.361414e-03	1.366988e-03	1.371031e-03
	1.373900e-03	1.374962e-03	1.371895e-03	1.360126e-03	1.332296e-03
	1.270128e-03	1.127642e-03	8.669652e-04	6.019676e-04	4.075454e-04
	2.398372e-04	1.029307e-04	1.586807e-05	1.512337e-07	1.014359e-09
	1.536550e-11	3.952845e-13	1.375567e-14	5.447306e-16	1.852939e-17
	5.851647e-19	3.311166e-20	4.688920e-21	1.340476e-21	6.148974e-22
	3.256051e-22	1.754187e-22	9.394294e-23	5.039882e-23	2.679951e-23
	1.405357e-23	7.247867e-24	3.670567e-24	1.823876e-24	8.888302e-25
	4.247368e-25	1.989970e-25	9.138718e-26	4.110590e-26	1.807152e-26
	7.722581e-27	3.161173e-27	1.188148e-27	3.503501e-28	1.000000e-30
massfraction-C2H
	1.000000e-30	1.000000e-30	1.000000e-30	1.000000e-30	1.252854e-30
	3.835836e-30	1.098441e-29	3.089390e-29	9.332283e-29	3.442822e-28
	1.872152e-27	1.851677e-26	2.780915e-25	4.431920e-24	7.355331e-23
	8.354182e-22	5.897078e-21	2.358765e-20	6.175482e-20	1.337174e-19
	2.850553e-19	7.784311e-19	2.945391e-18	1.076269e-17	6.043037e-17
	7.747162e-16	8.538756e-15	3.197194e-14	7.670518e-14	1.494683e-13
	2.606294e-13	4.175073e-13	6.089764e-13	8.078557e-13	1.024366e-12
	1.287999e-12	1.622117e-12	2.033997e-12	2.538211e-12	3.219752e-12
	4.114845e-12	5.184751e-12	6.535479e-12	8.456179e-12	1.086667e-11
	1.350881e-11	1.660595e-11	2.053995e-11	2.537155e-11	3.109919e-11
	3.823866e-11	4.644211e-11	5.547579e-11	6.636866e-11	7.981755e-11
	9.653986e-11	1.210617e-10	1.602860e-10	2.124497e-10	2.773686e-10
	3.706175e-10	5.242359e-10	8.199043e-10	1.407553e-09	2.656527e-09
	5.923709e-09	1.743008e-08	6.179364e-08	1.767560e-07	3.811277e-07
	7.825618e-07	1.613883e-06	3.114424e-06	9.319787e-07	3.520246e-08
	1.411641e-09	7.950544e-11	6.082272e-12	6.367031e-13	7.034398e-14
	5.899310e-15	4.798620e-16	5.754335e-17	7.152903e-18	7.218537e-19
	4.289898e-20	2.206121e-21	1.281573e-22	1.063878e-23	1.338108e-24
	2.521045e-25	6.649223e-26	2.243426e-26	8.864972e-27	3.801946e-27
	1.661924e-27	7.037746e-28	2.778947e-28	9.992717e-29	3.237317e-29
	9.377806e-30	2.371724e-30	1.000000e-30	1.000000e-30	1.000000e-30
massfraction-C2H2
	1.000000e-30	2.509841e-06	7.564222e-06	1.728652e-05	3.519994e-05
	6.690429e-05	1.209561e-04	2.099713e-04	3.519638e-04	5.719126e-04
	9.035114e-04	1.390461e-03	2.012045e-03	2.715374e-03	3.524630e-03
	4.323188e-03	5.045278e-03	5.605408e-03	6.018643e-03	6.364708e-03
	6.715696e-03	7.198536e-03	7.864182e-03	8.535049e-03	9.461011e-03
	1.090820e-02	1.236507e-02	1.320630e-02	1.378101e-02	1.422782e-02
	1.460548e-02	1.492895e-02	1.519008e-02	1.538661e-02	1.555240e-02
	1.571287e-02	1.587501e-02	1.603452e-02	1.619103e-02	1.635954e-02
	1.653374e-02	1.669813e-02	1.686305e-02	1.704687e-02	1.722596e-02
	1.738137e-02	1.752877e-02	1.768057e-02	1.783129e-02	1.797634e-02
	1.812341e-02	1.826145e-02	1.838739e-02	1.851411e-02	1.864416e-02
	1.877773e-02	1.893600e-02	1.913114e-02	1.932533e-02	1.950717e-02
	1.970248e-02	1.993240e-02	2.022175e-02	2.055694e-02	2.092255e-02
	2.132030e-02	2.167694e-02	2.162798e-02	2.089303e-02	1.972359e-02
	1.785580e-02	1.465559e-02	7.993913e-03	5.786873e-04	1.511559e-05
	6.826453e-07	4.707950e-08	4.609558e-09	6.470501e-10	1.078498e-10
	1.862043e-11	4.525986e-12	1.831557e-12	1.002113e-12	6.327762e-13
	3.903979e-13	2.315426e-13	1.337716e-13	7.658476e-14	4.322815e-14
	2.400523e-14	1.310049e-14	7.021845e-15	3.695347e-15	1.909093e-15
	9.680959e-16	4.817926e-16	2.352190e-16	1.125359e-16	5.262290e-17
	2.389681e-17	1.037079e-17	4.114255e-18	1.270499e-18	1.000000e-30
massfraction-CHCO
	1.000000e-30	1.864393e-08	7.421580e-08	2.258330e-07	6.076661e-07
	1.501906e-06	3.462441e-06	7.510231e-06	1.542172e-05	3.012438e-05
	5.618975e-05	1.003105e-04	1.633891e-04	2.407283e-04	3.349241e-04
	4.315713e-04	5.211336e-04	5.916274e-04	6.440723e-04	6.882280e-04
	7.331996e-04	7.953324e-04	8.814055e-04	9.685108e-04	1.089137e-03
	1.278110e-03	1.468098e-03	1.577385e-03	1.651819e-03	1.709541e-03
	1.758218e-03	1.799823e-03	1.833348e-03	1.858541e-03	1.879767e-03
	1.900288e-03	1.920998e-03	1.941348e-03	1.961290e-03	1.982736e-03
	2.004874e-03	2.025738e-03	2.046640e-03	2.069903e-03	2.092531e-03
	2.112139e-03	2.130711e-03	2.149810e-03	2.168749e-03	2.186951e-03
	2.205382e-03	2.222659e-03	2.238402e-03	2.254227e-03	2.270449e-03
	2.287093e-03	2.306793e-03	2.331054e-03	2.355173e-03	2.377746e-03
	2.401990e-03	2.430558e-03	2.466627e-03	2.508796e-03	2.555902e-03
	2.610625e-03	2.673278e-03	2.723478e-03	2.734349e-03	2.711534e-03
	2.645601e-03	2.479956e-03	1.927169e-03	2.381409e-04	5.954272e-06
	2.408975e-07	1.456409e-08	1.210901e-09	1.390124e-10	1.834342e-11
	2.288156e-12	3.488134e-13	8.458278e-14	2.570393e-14	8.849447e-15
	3.554329e-15	1.886647e-15	9.157577e-16	3.956977e-16	1.678066e-16
	7.341383e-17	3.334403e-17	1.552270e-17	7.275150e-18	3.376597e-18
	1.533174e-18	6.766330e-19	2.900645e-19	1.212330e-19	4.960297e-20
	1.985051e-20	7.672078e-21	2.745546e-21	7.763782e-22	1.000000e-30
massfraction-C3H3
	1.000000e-30	1.915391e-27	8.473006e-27	3.052620e-26	1.078305e-25
	4.001597e-25	1.660753e-24	7.936656e-24	4.531361e-23	3.161923e-22
	2.722223e-21	2.880277e-20	3.161839e-19	3.029366e-18	2.635566e-17
	1.824510e-16	9.215377e-16	3.099618e-15	7.309978e-15	1.445907e-14
	2.790654e-14	6.479668e-14	1.908657e-13	5.561372e-13	2.094334e-12
	1.258823e-11	7.617797e-11	2.450041e-10	5.289678e-10	9.483444e-10
	1.541806e-09	2.330063e-09	3.249201e-09	4.172241e-09	5.148751e-09
	6.306302e-09	7.735294e-09	9.452966e-09	1.150522e-08	1.420933e-08
	1.766974e-08	2.170699e-08	2.668246e-08	3.357206e-08	4.200015e-08
	5.103479e-08	6.140286e-08	7.428834e-08	8.977149e-08	1.077386e-07
	1.296538e-07	1.543136e-07	1.809407e-07	2.124174e-07	2.504788e-07
	2.967662e-07	3.628635e-07	4.650419e-07	5.960468e-07	7.531815e-07
	9.696352e-07	1.307714e-06	1.911521e-06	2.995575e-06	5.002771e-06
	9.269825e-06	1.992114e-05	4.460572e-05	8.195468e-05	1.240395e-04
	1.797744e-04	2.544282e-04	3.116516e-04	1.716503e-05	1.972553e-07
	4.485357e-09	2.244321e-10	1.752575e-11	1.417249e-12	6.608897e-14
	8.346226e-16	3.374595e-18	1.038015e-20	1.392001e-23	5.480286e-27
	1.000000e-30	1.000000e-30	1.000000e-30	1.000000e-30	1.000000e-30
	1.000000e-30	1.000000e-30	1.000000e-30	1.000000e-30	1.000000e-30
	1.000000e-30	1.000000e-30	1.000000e-30	1.000000e-30	1.000000e-30
	1.000000e-30	1.000000e-30	1.000000e-30	1.000000e-30	1.000000e-30
massfraction-C2H3
	1.000000e-30	1.292922e-18	3.314493e-18	6.275903e-18	1.017476e-17
	1.484033e-17	2.033499e-17	2.771867e-17	4.088971e-17	7.425693e-17
	1.990437e-16	9.590488e-16	7.367817e-15	6.561611e-14	6.285022e-13
	4.454138e-12	2.090735e-11	6.091584e-11	1.247926e-10	2.162981e-10
	3.605878e-10	6.752117e-10	1.417628e-09	2.667757e-09	5.412300e-09
	1.240008e-08	2.286006e-08	3.011020e-08	3.523246e-08	3.918209e-08
	4.247616e-08	4.529543e-08	4.761591e-08	4.942282e-08	5.100963e-08
	5.261939e-08	5.434147e-08	5.615426e-08	5.807346e-08	6.032737e-08
	6.290358e-08	6.561075e-08	6.864326e-08	7.246085e-08	7.670799e-08
	8.089309e-08	8.535722e-08	9.053183e-08	9.633841e-08	1.026525e-07
	1.098899e-07	1.175664e-07	1.254260e-07	1.342710e-07	1.444601e-07
	1.562687e-07	1.722908e-07	1.956342e-07	2.237278e-07	2.555148e-07
	2.969720e-07	3.581327e-07	4.606233e-07	6.320606e-07	9.274950e-07
	1.515166e-06	2.892301e-06	5.773196e-06	9.280480e-06	1.193339e-05
	1.327714e-05	1.163678e-05	4.848468e-06	5.939863e-07	3.022422e-08
	2.632958e-09	4.623385e-10	1.109326e-10	2.914211e-11	6.639254e-12
	1.243948e-12	2.622367e-13	6.054081e-14	1.100624e-14	1.576420e-15
	1.735361e-16	2.440597e-17	4.801339e-18	1.182361e-18	3.264009e-19
	9.538750e-20	2.853790e-20	8.561148e-21	2.541343e-21	7.400428e-22
	2.101678e-22	5.795877e-23	1.546082e-23	3.970594e-24	9.742095e-25
	2.249183e-25	4.721270e-26	8.230293e-27	8.639094e-28	1.000000e-30
massfraction-C2H4
	1.000000e-30	1.167797e-06	3.637946e-06	8.605920e-06	1.813743e-05
	3.563851e-05	6.648874e-05	1.188586e-04	2.047232e-04	3.410653e-04
	5.512125e-04	8.658415e-04	1.273681e-03	1.740158e-03	2.280931e-03
	2.817235e-03	3.303668e-03	3.681660e-03	3.960796e-03	4.194702e-03
	4.432046e-03	4.758702e-03	5.209260e-03	5.663527e-03	6.290689e-03
	7.270921e-03	8.256919e-03	8.825210e-03	9.212722e-03	9.513402e-03
	9.767004e-03	9.983694e-03	1.015819e-02	1.028920e-02	1.039949e-02
	1.050599e-02	1.061334e-02	1.071865e-02	1.082166e-02	1.093216e-02
	1.104590e-02	1.115270e-02	1.125925e-02	1.137723e-02	1.149123e-02
	1.158930e-02	1.168147e-02	1.177543e-02	1.186762e-02	1.195518e-02
	1.204264e-02	1.212335e-02	1.219569e-02	1.226707e-02	1.233870e-02
	1.241033e-02	1.249237e-02	1.258863e-02	1.267800e-02	1.275474e-02
	1.282822e-02	1.290031e-02	1.296283e-02	1.298087e-02	1.289799e-02
	1.258246e-02	1.166600e-02	9.691046e-03	7.363554e-03	5.410484e-03
	3.481057e-03	1.632279e-03	2.553673e-04	6.991611e-06	1.703846e-07
	1.287917e-08	2.127907e-09	4.931644e-10	1.262022e-10	2.785851e-11
	4.984059e-12	1.091840e-12	3.768428e-13	1.725847e-13	9.262434e-14
	4.969067e-14	2.684622e-14	1.462019e-14	8.043922e-15	4.408172e-15
	2.390251e-15	1.277933e-15	6.723521e-16	3.477062e-16	1.766298e-16
	8.809836e-17	4.312966e-17	2.071432e-17	9.749579e-18	4.485566e-18
	2.004774e-18	8.568339e-19	3.351300e-19	1.021997e-19	1.000000e-30
massfraction-C2H5
	1.000000e-30	6.766235e-12	2.238210e-11	5.635803e-11	1.263439e-10
	2.633828e-10	5.194564e-10	9.778065e-10	1.766444e-09	3.075034e-09
	5.174854e-09	8.437201e-09	1.280480e-08	1.793697e-08	2.403795e-08
	3.025144e-08	3.604810e-08	4.067860e-08	4.417844e-08	4.716792e-08
	5.025697e-08	5.460285e-08	6.077535e-08	6.716850e-08	7.608209e-08
	8.890495e-08	9.521648e-08	9.290071e-08	8.873892e-08	8.437968e-08
	8.025887e-08	7.668087e-08	7.393268e-08	7.203002e-08	7.057522e-08
	6.932529e-08	6.824463e-08	6.738184e-08	6.674674e-08	6.631448e-08
	6.616025e-08	6.630375e-08	6.674394e-08	6.760144e-08	6.883116e-08
	7.023454e-08	7.187237e-08	7.389225e-08	7.625883e-08	7.890591e-08
	8.199412e-08	8.530115e-08	8.869894e-08	9.252076e-08	9.690684e-08
	1.019560e-07	1.087383e-07	1.184728e-07	1.299703e-07	1.427250e-07
	1.590105e-07	1.824405e-07	2.204920e-07	2.818704e-07	3.836256e-07
	5.771786e-07	1.000719e-06	1.771888e-06	2.498090e-06	2.834970e-06
	2.729153e-06	2.013776e-06	6.600431e-07	1.659137e-08	2.579182e-10
	1.187045e-11	1.757780e-12	4.472334e-13	1.333489e-13	3.684553e-14
	9.585934e-15	3.043199e-15	1.009821e-15	2.756455e-16	5.393061e-17
	5.298307e-18	3.978806e-19	4.330712e-20	7.223062e-21	1.544164e-21
	3.754886e-22	9.709515e-23	2.570477e-23	6.819154e-24	1.791451e-24
	4.632002e-25	1.175525e-25	2.925886e-26	7.144641e-27	1.713080e-27
	4.037675e-28	9.366420e-29	2.140337e-29	4.797773e-30	1.000000e-30
massfraction-C3H4
	1.000000e-30	3.719420e-10	1.615748e-09	5.364535e-09	1.566239e-08
	4.169224e-08	1.027419e-07	2.365730e-07	5.125399e-07	1.050682e-06
	2.047161e-06	3.802079e-06	6.396914e-06	9.662816e-06	1.372555e-05
	1.796520e-05	2.194380e-05	2.510296e-05	2.746692e-05	2.946545e-05
	3.150810e-05	3.434144e-05	3.828653e-05	4.230029e-05	4.789018e-05
	5.671024e-05	6.563581e-05	7.078797e-05	7.430248e-05	7.703016e-05
	7.933164e-05	8.129927e-05	8.288505e-05	8.407676e-05	8.508086e-05
	8.605161e-05	8.703123e-05	8.799378e-05	8.893696e-05	8.995111e-05
	9.099781e-05	9.198408e-05	9.297191e-05	9.407103e-05	9.513978e-05
	9.606554e-05	9.694203e-05	9.784307e-05	9.873606e-05	9.959384e-05
	1.004619e-04	1.012750e-04	1.020154e-04	1.027590e-04	1.035207e-04
	1.043012e-04	1.052238e-04	1.063578e-04	1.074820e-04	1.085308e-04
	1.096525e-04	1.109669e-04	1.126117e-04	1.145072e-04	1.165804e-04
	1.189301e-04	1.216727e-04	1.249678e-04	1.295362e-04	1.352654e-04
	1.434591e-04	1.547241e-04	1.581028e-04	2.096008e-05	1.660716e-06
	2.430384e-07	5.032122e-08	1.212346e-08	3.035530e-09	6.355065e-10
	1.032141e-10	1.964835e-11	5.826280e-12	2.229895e-12	9.559373e-13
	3.790266e-13	1.498076e-13	6.178496e-14	2.685736e-14	1.201255e-14
	5.443342e-15	2.472192e-15	1.116809e-15	4.991663e-16	2.199423e-16
	9.530706e-17	4.055212e-17	1.692360e-17	6.919706e-18	2.766828e-18
	1.076878e-18	4.027622e-19	1.391316e-19	3.803058e-20	1.000000e-30
massfraction-C3H5
	1.000000e-30	1.851353e-11	8.137816e-11	2.733489e-10	8.066999e-10
	2.168229e-09	5.389275e-09	1.250437e-08	2.727518e-08	5.625074e-08
	1.101883e-07	2.056203e-07	3.472556e-07	5.260052e-07	7.488176e-07
	9.816774e-07	1.200420e-06	1.374223e-06	1.504330e-06	1.614353e-06
	1.726831e-06	1.882884e-06	2.100230e-06	2.321416e-06	2.629517e-06
	3.115674e-06	3.607228e-06	3.890266e-06	4.082768e-06	4.231671e-06
	4.356824e-06	4.463346e-06	4.548780e-06	4.612682e-06	4.666289e-06
	4.717880e-06	4.769675e-06	4.820270e-06	4.869519e-06	4.922062e-06
	4.975778e-06	5.025843e-06	5.075374e-06	5.129660e-06	5.181479e-06
	5.225474e-06	5.266265e-06	5.307213e-06	5.346686e-06	5.383433e-06
	5.419316e-06	5.451599e-06	5.479757e-06	5.506733e-06	5.532878e-06
	5.557967e-06	5.585180e-06	5.614598e-06	5.638808e-06	5.656385e-06
	5.669226e-06	5.675529e-06	5.668423e-06	5.636596e-06	5.568496e-06
	5.442763e-06	5.221856e-06	4.891150e-06	4.526555e-06	4.180779e-06
	3.820607e-06	3.569149e-06	3.626538e-06	7.979083e-07	1.118617e-07
	2.259088e-08	5.931341e-09	1.757597e-09	5.355669e-10	1.381430e-10
	2.774458e-11	6.333001e-12	2.254681e-12	1.111033e-12	6.683847e-13
	3.850554e-13	2.040547e-13	1.036184e-13	5.201695e-14	2.569913e-14
	1.246068e-14	5.919840e-15	2.753277e-15	1.253134e-15	5.581058e-16
	2.432416e-16	1.037569e-16	4.331809e-17	1.769498e-17	7.062586e-18
	2.742538e-18	1.023150e-18	3.525499e-19	9.614520e-20	1.000000e-30
massfraction-C3H6
	1.000000e-30	6.040628e-10	2.874387e-09	1.043281e-08	3.305326e-08
	9.465337e-08	2.488800e-07	6.070626e-07	1.384669e-06	2.973046e-06
	6.041846e-06	1.166486e-05	2.027454e-05	3.142350e-05	4.563104e-05
	6.075902e-05	7.517700e-05	8.675238e-05	9.547812e-05	1.028937e-04
	1.105072e-04	1.211213e-04	1.359957e-04	1.512299e-04	1.725915e-04
	2.065694e-04	2.411545e-04	2.611363e-04	2.747490e-04	2.852907e-04
	2.941592e-04	3.017143e-04	3.077789e-04	3.123182e-04	3.161284e-04
	3.197976e-04	3.234834e-04	3.270861e-04	3.305950e-04	3.343411e-04
	3.381731e-04	3.417466e-04	3.452834e-04	3.491606e-04	3.528609e-04
	3.560005e-04	3.589077e-04	3.618202e-04	3.646189e-04	3.672121e-04
	3.697274e-04	3.719692e-04	3.739007e-04	3.757218e-04	3.774477e-04
	3.790508e-04	3.807003e-04	3.823041e-04	3.833409e-04	3.837115e-04
	3.833491e-04	3.817219e-04	3.774081e-04	3.683040e-04	3.513593e-04
	3.196042e-04	2.601544e-04	1.774848e-04	1.124420e-04	7.072344e-05
	3.764275e-05	1.328863e-05	1.334761e-06	1.768724e-08	2.499723e-10
	7.886634e-12	3.876034e-13	2.366354e-14	1.524752e-15	7.815413e-17
	3.262646e-18	2.038865e-19	3.030168e-20	1.341410e-20	1.205703e-20
	8.172851e-21	4.412149e-21	2.192673e-21	1.065628e-21	5.078625e-22
	2.371759e-22	1.084254e-22	4.848643e-23	2.120236e-23	9.065434e-24
	3.790263e-24	1.549883e-24	6.199054e-25	2.424754e-25	9.265090e-26
	3.445409e-26	1.232474e-26	4.083659e-27	1.076629e-27	1.000000e-30
massfraction-N-C3H7
	1.000000e-30	5.668736e-15	3.753514e-14	1.851466e-13	7.672541e-13
	2.769548e-12	8.892491e-12	2.579419e-11	6.843328e-11	1.677190e-10
	3.827255e-10	8.174726e-10	1.536337e-09	2.518085e-09	3.816635e-09
	5.232533e-09	6.591577e-09	7.663318e-09	8.434565e-09	9.043296e-09
	9.597245e-09	1.018782e-08	1.044022e-08	9.653930e-09	6.995321e-09
	3.551080e-09	2.146843e-09	1.753757e-09	1.575029e-09	1.471978e-09
	1.404630e-09	1.359473e-09	1.330770e-09	1.313516e-09	1.301670e-09
	1.292455e-09	1.285356e-09	1.280544e-09	1.277914e-09	1.277332e-09
	1.279227e-09	1.283439e-09	1.290025e-09	1.300113e-09	1.312938e-09
	1.326641e-09	1.341867e-09	1.359867e-09	1.380224e-09	1.402305e-09
	1.427272e-09	1.453278e-09	1.479332e-09	1.507867e-09	1.539730e-09
	1.575396e-09	1.621629e-09	1.684902e-09	1.756023e-09	1.831054e-09
	1.921447e-09	2.042387e-09	2.219720e-09	2.468975e-09	2.813137e-09
	3.314176e-09	3.998907e-09	4.447414e-09	4.167046e-09	3.387799e-09
	2.222758e-09	9.340541e-10	1.224148e-10	3.967013e-12	8.780333e-14
	2.951265e-15	1.471032e-16	9.185862e-18	6.201203e-19	3.528332e-20
	1.904953e-21	1.881872e-22	4.479854e-23	2.831247e-23	4.840613e-23
	2.578094e-22	2.586564e-22	1.419595e-22	6.939678e-23	3.225112e-23
	1.448177e-23	6.316500e-24	2.681974e-24	1.109833e-24	4.479515e-25
	1.764619e-25	6.788212e-26	2.551094e-26	9.367552e-27	3.358884e-27
	1.172786e-27	3.949363e-28	1.241175e-28	3.181273e-29	1.000000e-30
massfraction-I-C3H7
	1.000000e-30	1.206231e-13	8.013561e-13	3.959479e-12	1.642046e-11
	5.929234e-11	1.904085e-10	5.523764e-10	1.465652e-09	3.592623e-09
	8.200061e-09	1.752157e-08	3.295194e-08	5.407067e-08	8.212375e-08
	1.129923e-07	1.431841e-07	1.678950e-07	1.867470e-07	2.028717e-07
	2.194618e-07	2.424778e-07	2.737183e-07	3.019210e-07	3.271826e-07
	2.916716e-07	1.509461e-07	9.805580e-08	7.587182e-08	6.378402e-08
	5.595327e-08	5.054325e-08	4.687843e-08	4.447248e-08	4.264837e-08
	4.104357e-08	3.956905e-08	3.825158e-08	3.707781e-08	3.593437e-08
	3.487480e-08	3.398267e-08	3.318506e-08	3.240138e-08	3.174140e-08
	3.124917e-08	3.084708e-08	3.049557e-08	3.020851e-08	2.998983e-08
	2.982379e-08	2.971985e-08	2.966920e-08	2.965971e-08	2.969374e-08
	2.977608e-08	2.993378e-08	3.021700e-08	3.060954e-08	3.108535e-08
	3.171329e-08	3.261424e-08	3.400416e-08	3.602934e-08	3.886022e-08
	4.285521e-08	4.753334e-08	4.807327e-08	4.153674e-08	3.161655e-08
	1.927777e-08	7.324187e-09	8.272269e-10	2.772499e-11	6.670098e-13
	2.336147e-14	1.205105e-15	7.835201e-17	5.572142e-18	3.448888e-19
	2.203561e-20	2.850991e-21	8.951478e-22	6.086562e-22	3.201079e-22
	6.615407e-23	1.719656e-23	6.153685e-24	2.571727e-24	1.094354e-24
	4.472705e-25	1.725594e-25	6.274603e-26	2.157505e-26	7.046163e-27
	2.195119e-27	6.548404e-28	1.876831e-28	5.185091e-29	1.390018e-29
	3.727772e-30	1.166816e-30	1.000000e-30	1.000000e-30	1.000000e-30
massfraction-C3H8
	1.000000e+00	9.999967e-01	9.999896e-01	9.999649e-01	9.998923e-01
	9.997024e-01	9.992522e-01	9.982678e-01	9.962573e-01	9.923837e-01
	9.852890e-01	9.728765e-01	9.545180e-01	9.312562e-01	9.019946e-01
	8.710521e-01	8.416482e-01	8.180614e-01	8.002812e-01	7.851664e-01
	7.696418e-01	7.479842e-01	7.175973e-01	6.864193e-01	6.425894e-01
	5.725568e-01	5.007685e-01	4.589975e-01	4.303892e-01	4.081311e-01
	3.893186e-01	3.732148e-01	3.602246e-01	3.504566e-01	3.422229e-01
	3.342602e-01	3.262225e-01	3.183230e-01	3.105813e-01	3.022559e-01
	2.936627e-01	2.855656e-01	2.774560e-01	2.684338e-01	2.596627e-01
	2.520668e-01	2.448770e-01	2.374883e-01	2.301680e-01	2.231390e-01
	2.160288e-01	2.093712e-01	2.033112e-01	1.972270e-01	1.909978e-01
	1.846156e-01	1.770739e-01	1.678064e-01	1.586182e-01	1.500427e-01
	1.408609e-01	1.300821e-01	1.165415e-01	1.008162e-01	8.338952e-02
	6.330721e-02	4.029502e-02	2.029912e-02	9.736584e-03	4.872958e-03
	2.027145e-03	5.168003e-04	3.410518e-05	4.779520e-07	5.749542e-09
	1.491792e-10	6.196818e-12	3.282346e-13	1.868787e-14	8.517724e-16
	3.158243e-17	1.738037e-18	2.040387e-19	4.285472e-20	1.383899e-20
	5.391839e-21	2.339169e-21	1.061323e-21	4.931778e-22	2.289205e-22
	1.050147e-22	4.736394e-23	2.094672e-23	9.071027e-24	3.844020e-24
	1.593651e-24	6.463434e-25	2.564431e-25	9.951022e-26	3.772356e-26
	1.391938e-26	4.941905e-27	1.626211e-27	4.264692e-28	1.000000e-30
temperature [K]
	2.980000e+02	2.980001e+02	2.980010e+02	2.980060e+02	2.980279e+02
	2.981092e+02	2.983698e+02	2.991029e+02	3.009394e+02	3.050790e+02
	3.135363e+02	3.292854e+02	3.530307e+02	3.828597e+02	4.196190e+02
	4.576664e+02	4.932154e+02	5.214196e+02	5.425447e+02	5.604340e+02
	5.787599e+02	6.042735e+02	6.400433e+02	6.768187e+02	7.288212e+02
	8.131993e+02	9.022402e+02	9.556241e+02	9.929696e+02	1.022524e+03
	1.047880e+03	1.069877e+03	1.087827e+03	1.101451e+03	1.113022e+03
	1.124291e+03	1.135745e+03	1.147083e+03	1.158274e+03	1.170399e+03
	1.183015e+03	1.195000e+03	1.207101e+03	1.220682e+03	1.234010e+03
	1.245655e+03	1.256767e+03	1.268283e+03	1.279790e+03	1.290934e+03
	1.302306e+03	1.313048e+03	1.322907e+03	1.332886e+03	1.343191e+03
	1.353843e+03	1.366561e+03	1.382391e+03	1.398321e+03	1.413417e+03
	1.429843e+03	1.449508e+03	1.474868e+03	1.505404e+03	1.540973e+03
	1.585125e+03	1.642748e+03	1.707111e+03	1.758614e+03	1.797379e+03
	1.837582e+03	1.886082e+03	1.957167e+03	1.993821e+03	1.920695e+03
	1.857308e+03	1.800623e+03	1.743380e+03	1.681542e+03	1.600731e+03
	1.472774e+03	1.308211e+03	1.158474e+03	1.008700e+03	8.559903e+02
	6.865290e+02	5.477927e+02	4.535836e+02	3.943916e+02	3.572444e+02
	3.340316e+02	3.196410e+02	3.108175e+02	3.054789e+02	3.022962e+02
	3.004284e+02	2.993498e+02	2.987371e+02	2.983948e+02	2.982065e+02
	2.981047e+02	2.980505e+02	2.980221e+02	2.980074e+02	2.980000e+02
trailer
