H  2.50000000e+00  0.00000000e+00  0.00000000e+00  0.00000000e+00  0.00000000e+00  2.54716300e+04 -4.60117600e-01  2.50000000e+00  0.00000000e+00  0.00000000e+00  0.00000000e+00  0.00000000e+00  2.54716300e+04 -4.60117600e-01 -1.00000000e+00  1.45000000e+03  2.05000000e+00 
H2  2.99142300e+00  7.00064400e-04 -5.63382900e-08 -9.23157800e-12  1.58275200e-15 -8.35034000e+02 -1.35511000e+00  3.29812400e+00  8.24944200e-04 -8.14301500e-07 -9.47543400e-11  4.13487200e-13 -1.01252100e+03 -3.29409400e+00 -1.00000000e+00  3.80000000e+01  2.92000000e+00 
O  2.54206000e+00 -2.75506200e-05 -3.10280300e-09  4.55106700e-12 -4.36805200e-16  2.92308000e+04  4.92030800e+00  2.94642900e+00 -1.63816600e-03  2.42103200e-06 -1.60284300e-09  3.89069600e-13  2.91476400e+04  2.96399500e+00 -1.00000000e+00  8.00000000e+01  2.75000000e+00 
O2  3.69757800e+00  6.13519700e-04 -1.25884200e-07  1.77528100e-11 -1.13643500e-15 -1.23393000e+03  3.18916600e+00  3.21293600e+00  1.12748600e-03 -5.75615000e-07  1.31387700e-09 -8.76855400e-13 -1.00524900e+03  6.03473800e+00 -1.00000000e+00  1.07400000e+02  3.45800000e+00 
OH  3.72342593e+00 -6.42998996e-04  8.03021358e-07 -1.89310929e-10  0.00000000e+00  3.37726070e+03  1.00729492e+00  3.41896226e+00  3.19255801e-04 -3.08292717e-07  3.64407494e-10 -1.00195479e-13  3.45264448e+03  2.54433372e+00 -1.00000000e+00  8.00000000e+01  2.75000000e+00 
H2O  2.67214600e+00  3.05629300e-03 -8.73026000e-07  1.20099600e-10 -6.39161800e-15 -2.98992100e+04  6.86281700e+00  3.38684200e+00  3.47498200e-03 -6.35469600e-06  6.96858100e-09 -2.50658800e-12 -3.02081100e+04  2.59023300e+00 -1.00000000e+00  5.72400000e+02  2.60500000e+00 
N2  2.92664000e+00  1.48797700e-03 -5.68476100e-07  1.00970400e-10 -6.75335100e-15 -9.22797700e+02  5.98052800e+00  3.29867700e+00  1.40824000e-03 -3.96322200e-06  5.64151500e-09 -2.44485500e-12 -1.02090000e+03  3.95037200e+00 -1.00000000e+00  9.75300000e+01  3.62100000e+00 
HO2  4.01721090e+00  2.23982013e-03 -6.33658150e-07  1.14246370e-10 -1.07908535e-14  1.11856713e+02  3.78510215e+00  4.30179801e+00 -4.74912051e-03  2.11582891e-05 -2.42763894e-08  9.29225124e-12  2.94808040e+02  3.71666245e+00 -1.00000000e+00  1.07400000e+02  3.45800000e+00 
H2O2  4.57316700e+00  4.33613600e-03 -1.47468900e-06  2.34890400e-10 -1.43165400e-14 -1.80069600e+04  5.01137000e-01  3.38875400e+00  6.56922600e-03 -1.48501300e-07 -4.62580600e-09  2.47151500e-12 -1.76631500e+04  6.78536300e+00 -1.00000000e+00  1.07400000e+02  3.45800000e+00 
AR  2.50000000e+00  0.00000000e+00  0.00000000e+00  0.00000000e+00  0.00000000e+00 -7.45375000e+02  4.36600100e+00  2.50000000e+00  0.00000000e+00  0.00000000e+00  0.00000000e+00  0.00000000e+00 -7.45375000e+02  4.36600100e+00 -1.00000000e+00  1.36500000e+02  3.33000000e+00 
CH2O  6.08466491e-01  1.13972253e-02 -5.52287970e-06  9.74262457e-10  0.00000000e+00 -1.35727516e+04  1.99968338e+01  3.00754197e+00  3.04729496e-03  5.25109246e-06 -5.12019281e-09  1.27133795e-12 -1.41188397e+04  8.10120233e+00 -1.00000000e+00  4.98000000e+02  3.59000000e+00 
CO  3.11216890e+00  1.15948283e-03 -3.38480362e-07  4.41403098e-11 -2.12862228e-15 -1.42718539e+04  5.71725177e+00  3.19036352e+00  8.94419972e-04 -3.24927563e-08 -1.04599967e-10  2.41965693e-14 -1.42869054e+04  5.33277914e+00 -1.00000000e+00  9.81000000e+01  3.65000000e+00 
CO2  3.60285631e+00  4.89154832e-03 -2.37518115e-06  4.14110619e-10  0.00000000e+00 -4.86621846e+04  3.67802527e+00  2.57930490e+00  8.24684987e-03 -6.42716047e-06  2.54637024e-09 -4.12030443e-13 -4.84162830e+04  8.81141041e+00 -1.00000000e+00  2.44000000e+02  3.76300000e+00 
HCO  2.26355800e+00  5.69068757e-03 -2.48925808e-06  4.02540871e-10  0.00000000e+00  4.42251484e+03  1.27616432e+01  3.81049965e+00  8.13269825e-04  3.13164701e-06 -2.39478268e-09  5.06894554e-13  4.03859901e+03  4.94843165e+00 -1.00000000e+00  4.98000000e+02  3.59000000e+00 
HO2CHO  5.19208731e+00  1.32377286e-02 -6.79541016e-06  1.23480098e-09  0.00000000e+00 -3.61691664e+04  3.52718036e+00  2.42464726e+00  2.19706380e-02 -1.68705546e-05  6.25612194e-09 -9.11645843e-13 -3.54828006e+04  1.75027796e+01 -1.00000000e+00  4.36000000e+02  3.97000000e+00 
O2CHO  4.05631532e+00  1.02919332e-02 -4.89896198e-06  8.42819470e-10  0.00000000e+00 -1.73830665e+04  1.12996603e+01  3.96059309e+00  1.06002279e-02 -5.25713351e-06  1.01716726e-09 -2.87487602e-14 -1.73599383e+04  1.17807483e+01 -1.00000000e+00  4.36000000e+02  3.97000000e+00 
HOCHO  1.24573687e+00  1.67242062e-02 -9.22177878e-06  1.76438220e-09  0.00000000e+00 -4.65097525e+04  1.81159087e+01  1.28069021e+00  1.52887758e-02 -5.64150476e-06 -1.22968799e-09  8.14273233e-13 -4.64347524e+04  1.83142081e+01 -1.00000000e+00  4.36000000e+02  3.97000000e+00 
HOCO  3.43268636e+00  9.05969510e-03 -4.99681933e-06  9.55131346e-10  0.00000000e+00 -2.36758247e+04  7.88707979e+00  8.98154532e-01  1.67269019e-02 -1.33663562e-05  4.83071199e-09 -6.38718748e-13 -2.30262021e+04  2.07803865e+01 -1.00000000e+00 -1.00000000e+00 -1.00000000e+00 
OCHO  1.69314163e+00  1.24325760e-02 -6.88672900e-06  1.32157437e-09  0.00000000e+00 -1.63316485e+04  1.64338301e+01  1.42991854e+00  1.22803284e-02 -5.28461096e-06 -3.73026551e-10  5.07953571e-13 -1.62042814e+04  1.80411779e+01 -1.00000000e+00  4.98000000e+02  3.59000000e+00 
HOCH2O2H  7.19939629e+00  1.53774714e-02 -7.33105359e-06  1.29038323e-09  0.00000000e+00 -4.13515030e+04 -7.86430517e+00  1.85716693e+00  3.23153132e-02 -2.69928902e-05  1.11694484e-08 -1.81284103e-12 -4.00314471e+04  1.90917729e+01 -1.00000000e+00  4.81800000e+02  3.62600000e+00 
HOCH2O2  6.40452208e+00  1.18415320e-02 -5.04880737e-06  8.15552999e-10  0.00000000e+00 -2.38467196e+04 -2.66379952e+00  2.85441621e+00  2.33663535e-02 -1.88115990e-05  7.96709515e-09 -1.36346618e-12 -2.29866196e+04  1.51730565e+01 -1.00000000e+00  4.81800000e+02  3.62600000e+00 
OCH2O2H  7.21903740e+00  1.34209857e-02 -6.71343373e-06  1.21612841e-09  0.00000000e+00 -1.51227045e+04 -8.14704577e+00  1.93823075e+00  3.01465730e-02 -2.61053152e-05  1.09463562e-08 -1.78312692e-12 -1.38166625e+04  1.85042002e+01 -1.00000000e+00  4.81800000e+02  3.62600000e+00 
HOCH2O  1.72976110e+00  1.61486804e-02 -7.75692098e-06  1.37089042e-09  0.00000000e+00 -2.07251324e+04  1.91890617e+01  4.11183145e+00  7.53850697e-03  3.77337370e-06 -5.38746005e-09  1.45615887e-12 -2.12471918e+04  7.46807254e+00 -1.00000000e+00  4.70600000e+02  4.41000000e+00 
CH3OH  5.93278257e-01  1.62400515e-02 -7.29041502e-06  1.22384561e-09  0.00000000e+00 -2.49194716e+04  2.10056316e+01  1.82176844e+00  1.23326420e-02 -2.73742177e-06 -1.07387318e-09  4.23644837e-13 -2.52222207e+04  1.48104300e+01 -1.00000000e+00  4.81800000e+02  3.62600000e+00 
CH2OH  4.43329890e+00  7.13565049e-03 -2.53596912e-06  3.37234968e-10  0.00000000e+00 -3.14395040e+03  2.16605922e+00  3.05674228e+00  1.19335634e-02 -8.72501303e-06  3.82781054e-09 -7.22887951e-13 -2.83140190e+03  8.98878133e+00 -1.00000000e+00  4.17000000e+02  3.69000000e+00 
CH3O  7.96866715e-01  1.38261209e-02 -6.37379414e-06  1.08726139e-09  0.00000000e+00  1.22170002e+03  1.91927414e+01  1.53767670e+00  1.09828251e-02 -2.35050802e-06 -1.39266332e-09  5.59124429e-13  1.06959886e+03  1.55939205e+01 -1.00000000e+00  4.17000000e+02  3.69000000e+00 
CH3O2H  2.86378786e+00  1.88104318e-02 -9.12984329e-06  1.59788155e-09  0.00000000e+00 -1.74268826e+04  1.14048233e+01  2.83880024e+00  1.86096249e-02 -8.48165412e-06  1.00387451e-09  1.71612429e-13 -1.74033753e+04  1.16092433e+01 -1.00000000e+00  4.81800000e+02  3.62600000e+00 
CH3O2  2.06598098e+00  1.53864276e-02 -6.97442864e-06  1.15648676e-09  0.00000000e+00 -2.95663888e+01  1.65753622e+01  3.80497590e+00  9.80784660e-03 -3.90940624e-07 -2.23072602e-09  6.43310820e-13 -4.55625796e+02  7.81789100e+00 -1.00000000e+00  4.81800000e+02  3.62600000e+00 
CH2O2H  4.41659090e+00  1.38262106e-02 -6.94702205e-06  1.24459706e-09  0.00000000e+00  5.66856490e+03  4.92007268e+00  4.47228333e+00  1.33401095e-02 -5.92919725e-06  4.44481025e-10  2.12699899e-13  5.67413711e+03  4.72608208e+00 -1.00000000e+00 -1.00000000e+00 -1.00000000e+00 
CH4 -3.02514093e+00  2.07639091e-02 -1.07081288e-05  1.96299750e-09  0.00000000e+00 -8.59358078e+03  3.47383420e+01  3.72113020e+00 -2.50293289e-03  1.90246534e-05 -1.46871253e-08  3.43791152e-12 -1.01424099e+04  1.22776596e+00 -1.00000000e+00  1.41400000e+02  3.74600000e+00 
CH3  2.69747656e+00  6.36626482e-03 -2.25615837e-06  3.02515012e-10  0.00000000e+00  1.65036204e+04  6.28543183e+00  3.43858162e+00  4.07752664e-03  3.19830994e-07 -9.47669390e-10  2.21828166e-13  1.63164018e+04  2.52807406e+00 -1.00000000e+00  1.44000000e+02  3.80000000e+00 
CH2  3.63640800e+00  1.93305700e-03 -1.68701600e-07 -1.00989900e-10  1.80825600e-14  4.53413400e+04  2.15656100e+00  3.76223700e+00  1.15981900e-03  2.48958500e-07  8.80083600e-10 -7.33243500e-13  4.53679100e+04  1.71257800e+00 -1.00000000e+00  1.44000000e+02  3.80000000e+00 
CH2[S]-CH2  3.55288900e+00  2.06678800e-03 -1.91411600e-07 -1.10467300e-10  2.02135000e-14  4.98497500e+04  1.68657000e+00  3.97126500e+00 -1.69908900e-04  1.02536900e-06  2.49255100e-09 -1.98126600e-12  4.98936800e+04  5.75320700e-02 -1.00000000e+00 -1.00000000e+00 -1.00000000e+00 
CH  2.19622300e+00  2.34038100e-03 -7.05820100e-07  9.00758200e-11 -3.85504000e-15  7.08672300e+04  9.17837300e+00  3.20020200e+00  2.07287600e-03 -5.13443100e-06  5.73389000e-09 -1.95553300e-12  7.04525900e+04  3.33158800e+00 -1.00000000e+00  8.00000000e+01  2.75000000e+00 
C2H6  3.50915406e-01  2.29412054e-02 -1.00149919e-05  1.62037335e-09  0.00000000e+00 -1.11567971e+04  1.91705752e+01  4.78623203e-02  2.40569127e-02 -1.15155912e-05  2.48666238e-09 -1.78343944e-13 -1.10923014e+04  2.06544071e+01 -1.00000000e+00  2.47500000e+02  4.35000000e+00 
C2H5  1.05306388e+00  1.90883832e-02 -8.61058438e-06  1.45032345e-09  0.00000000e+00  1.34615835e+04  1.84070762e+01  1.32730217e+00  1.76656753e-02 -6.14926558e-06 -3.01143466e-10  4.38617775e-13  1.34284028e+04  1.71789216e+01 -1.00000000e+00  2.47500000e+02  4.35000000e+00 
C2H4  1.54096998e+00  1.54163352e-02 -6.69289058e-06  1.08463019e-09  0.00000000e+00  5.14686093e+03  1.31345278e+01  2.33879687e-01  1.96334647e-02 -1.16833214e-05  3.64246453e-09 -4.77442715e-13  5.46489338e+03  1.97084228e+01 -1.00000000e+00  2.38400000e+02  3.49600000e+00 
C2H3  2.78055099e+00  1.04681533e-02 -4.34542148e-06  6.74649462e-10  0.00000000e+00  3.47162787e+04  9.51776357e+00  1.25329724e+00  1.56258370e-02 -1.07803879e-05  4.18054634e-09 -7.01360362e-13  3.50734773e+04  1.71341661e+01 -1.00000000e+00  2.65300000e+02  3.72100000e+00 
C2H2  5.44234389e+00  2.98512495e-03 -3.46684897e-07 -7.08771083e-11  0.00000000e+00  2.51854000e+04 -8.12661941e+00  2.06742667e+00  1.46568506e-02 -1.52947063e-05  8.30965761e-09 -1.72932175e-12  2.59578589e+04  8.62758672e+00 -1.00000000e+00  2.65300000e+02  3.72100000e+00 
C2H  3.63367853e+00  3.80575785e-03 -1.70447579e-06  2.79732702e-10  0.00000000e+00  6.64701585e+04  3.55624922e+00  4.27708350e+00  1.74130076e-03  7.31180206e-07 -9.71827901e-10  2.36956727e-13  6.63125955e+04  3.16341916e-01 -1.00000000e+00  2.65300000e+02  3.72100000e+00 
CH3CHO  1.61115169e+00  1.93995970e-02 -9.00274122e-06  1.53863587e-09  0.00000000e+00 -2.17963159e+04  1.71815039e+01  1.77060035e+00  1.84475161e-02 -7.24138162e-06  2.34364561e-10  3.35543891e-13 -2.18078850e+04  1.65023437e+01 -1.00000000e+00  4.36000000e+02  3.97000000e+00 
CH3CO  2.01002485e+00  1.58541129e-02 -7.49125231e-06  1.29725074e-09  0.00000000e+00 -2.92817041e+03  1.65128972e+01  2.52884150e+00  1.37152173e-02 -4.28607476e-06 -7.71684278e-10  4.83836380e-13 -3.02546532e+03  1.40340315e+01 -1.00000000e+00  4.36000000e+02  3.97000000e+00 
CH2CHO  3.70740088e+00  1.36142073e-02 -6.26300213e-06  1.05567624e-09  0.00000000e+00 -1.01995271e+03  5.17689103e+00  1.47616956e+00  2.08974186e-02 -1.50123552e-05  5.62967382e-09 -8.76624470e-13 -4.82050510e+02  1.63756465e+01 -1.00000000e+00  4.36000000e+02  3.97000000e+00 
CH2CO  6.03881700e+00  5.80484000e-03 -1.92095400e-06  2.79448500e-10 -1.45886800e-14 -8.58340200e+03 -7.65758100e+00  2.97497100e+00  1.21187100e-02 -2.34504600e-06 -6.46668500e-09  3.90564900e-12 -7.63263700e+03  8.67355300e+00 -1.00000000e+00  4.36000000e+02  3.97000000e+00 
HCCO  6.75807300e+00  2.00040000e-03 -2.02760700e-07 -1.04113200e-10  1.96516500e-14  1.90151300e+04 -9.07126200e+00  5.04796500e+00  4.45347800e-03  2.26828300e-07 -1.48209500e-09  2.25074200e-13  1.96589200e+04  4.81843900e-01 -1.00000000e+00  1.50000000e+02  2.50000000e+00 
HCCOH  7.32832400e+00  3.33641600e-03 -3.02470500e-07 -1.78110600e-10  3.24516800e-14  7.59825800e+03 -1.40121400e+01  3.89946500e+00  9.70107500e-03 -3.11930900e-07 -5.53773200e-09  2.46573200e-12  8.70119000e+03  4.49187500e+00 -1.00000000e+00  4.36000000e+02  3.97000000e+00 
CH3CO3H  6.38601528e+00  2.05005671e-02 -9.73848768e-06  1.68404152e-09  0.00000000e+00 -4.34818847e+04 -3.80203963e+00  2.24135876e+00  3.37963514e-02 -2.53887482e-05  9.67583587e-09 -1.49266157e-12 -4.24677831e+04  1.70668133e+01 -1.00000000e+00  4.36000000e+02  3.97000000e+00 
CH3CO3  6.99421069e+00  1.57684758e-02 -7.08319519e-06  1.16988327e-09  0.00000000e+00 -2.42270741e+04 -5.76704497e+00  3.60373432e+00  2.70080341e-02 -2.08293438e-05  8.50541104e-09 -1.43846110e-12 -2.34205171e+04  1.12014914e+01 -1.00000000e+00  4.36000000e+02  3.97000000e+00 
CH3CO2  4.04855337e+00  1.64184075e-02 -7.55750381e-06  1.28409988e-09  0.00000000e+00 -2.78926423e+04  4.65191404e+00  1.37440768e+00  2.49115604e-02 -1.74308894e-05  6.24799508e-09 -9.09516835e-13 -2.72330150e+04  1.81405454e+01 -1.00000000e+00  4.36000000e+02  3.97000000e+00 
C2H5OH  2.66326411e+00  2.29914941e-02 -1.01299488e-05  1.66577682e-09  0.00000000e+00 -3.01780356e+04  1.19488420e+01  1.79106094e-01  3.09060081e-02 -1.93596697e-05  6.31830859e-09 -8.53166875e-13 -2.95670605e+04  2.44715919e+01 -1.00000000e+00  4.70600000e+02  4.41000000e+00 
P-C2H4OH  3.17379142e+00  1.91877180e-02 -8.44919488e-06  1.38903675e-09  0.00000000e+00 -5.49673175e+03  1.18622197e+01  9.90023426e-01  2.61564272e-02 -1.65928300e-05  5.50525131e-09 -7.57520667e-13 -4.96032283e+03  2.28675716e+01 -1.00000000e+00  4.70600000e+02  4.41000000e+00 
S-C2H4OH  4.36236756e+00  1.73300208e-02 -7.40196479e-06  1.18624266e-09  0.00000000e+00 -9.37564263e+03  4.21381260e+00  1.61103852e+00  2.63511867e-02 -1.82941500e-05  6.91243160e-09 -1.10384057e-12 -8.71494725e+03  1.80114775e+01 -1.00000000e+00  4.70600000e+02  4.41000000e+00 
C2H5O  2.72231762e+00  2.09481644e-02 -9.48194920e-06  1.58968632e-09  0.00000000e+00 -3.95960954e+03  1.14611113e+01  2.87429022e-01  2.86500918e-02 -1.83857008e-05  6.03096179e-09 -8.04562643e-13 -3.35717377e+03  2.37513898e+01 -1.00000000e+00  4.70600000e+02  4.41000000e+00 
O2C2H4OH  5.78188660e+00  2.16470981e-02 -9.18737915e-06  1.45713298e-09  0.00000000e+00 -2.34771645e+04  4.54147881e+00  4.11839445e+00  2.72240632e-02 -1.60824430e-05  5.17033408e-09 -7.31610168e-13 -2.30857785e+04  1.28482112e+01 -1.00000000e+00  5.23200000e+02  5.66400000e+00 
C2H5O2H  5.70203347e+00  2.20031800e-02 -9.75531641e-06  1.62734437e-09  0.00000000e+00 -2.25386960e+04 -1.74439233e+00  1.57329011e+00  3.52379996e-02 -2.53203993e-05  9.56802476e-09 -1.48167375e-12 -2.15278368e+04  1.90472032e+01 -1.00000000e+00  4.70600000e+02  4.41000000e+00 
C2H5O2  4.83503732e+00  1.87162611e-02 -7.68476909e-06  1.20298178e-09  0.00000000e+00 -5.11988573e+03  3.79821963e+00  2.58630333e+00  2.61836362e-02 -1.68306193e-05  6.08749295e-09 -9.57302040e-13 -4.58588992e+03  1.50486289e+01 -1.00000000e+00  4.70600000e+02  4.41000000e+00 
C2H4O2H  6.97130909e+00  1.56421742e-02 -6.94773712e-06  1.15531646e-09  0.00000000e+00  3.05528448e+03 -3.22513967e+00  3.46916874e+00  2.71188626e-02 -2.08022550e-05  8.44284845e-09 -1.40756215e-12  3.89688270e+03  1.43400726e+01 -1.00000000e+00  4.70600000e+02  4.41000000e+00 
CH3CHO2H  6.12118761e+00  1.82480419e-02 -8.02549970e-06  1.32953203e-09  0.00000000e+00 -3.05302327e+02 -8.94434151e-01  3.91433011e+00  2.52722102e-02 -1.62112291e-05  5.45591592e-09 -7.57965290e-13  2.38044573e+02  1.02327238e+01 -1.00000000e+00 -1.00000000e+00 -1.00000000e+00 
C2H4O1-2-C2H4O  1.46888222e+00  2.00779039e-02 -9.30425286e-06  1.58964053e-09  0.00000000e+00 -8.16183921e+03  1.47895813e+01 -1.44361790e+00  2.91837107e-02 -1.96805054e-05  6.67472575e-09 -9.02139342e-13 -7.43433507e+03  2.95212453e+01 -1.00000000e+00  4.36000000e+02  3.97000000e+00 
C2H3O1-2-C2H3O  3.41055375e+00  1.35293434e-02 -6.24936923e-06  1.09125656e-09  0.00000000e+00  1.39901041e+04  6.79962828e+00 -1.62965122e+00  2.93455486e-02 -2.43737550e-05  1.00522325e-08 -1.61259036e-12  1.52459425e+04  3.22782741e+01 -1.00000000e+00  4.36000000e+02  3.97000000e+00 
CH3COCH3  1.84489296e+00  2.85955513e-02 -1.31682116e-05  2.23857327e-09  0.00000000e+00 -2.80153880e+04  1.71967179e+01  1.24527408e+00  2.99760255e-02 -1.40026661e-05  2.16453512e-09  1.27637295e-13 -2.78348727e+04  2.03682615e+01 -1.00000000e+00  4.35500000e+02  4.86000000e+00 
CH3COCH2  4.12743010e+00  2.33730564e-02 -1.10040288e-05  1.89595418e-09  0.00000000e+00 -7.31939257e+03  5.86552803e+00  1.22337251e+00  3.24546742e-02 -2.13542518e-05  6.96777735e-09 -8.99160299e-13 -6.59419324e+03  2.05537233e+01 -1.00000000e+00  4.35500000e+02  4.86000000e+00 
CH3COCH2O2  6.39329449e+00  2.51799300e-02 -1.09572190e-05  1.75980253e-09  0.00000000e+00 -2.07465812e+04  3.13566590e+00  5.95535468e+00  2.70255205e-02 -1.37385031e-05  3.53735851e-09 -4.03922557e-13 -2.06679464e+04  5.21436049e+00 -1.00000000e+00  4.35200000e+02  4.66200000e+00 
CH3COCH2O2H  7.24028399e+00  2.85127508e-02 -1.30584984e-05  2.19051057e-09  0.00000000e+00 -3.94177289e+04 -2.99086912e+00  4.94789761e+00  3.60474432e-02 -2.21719933e-05  6.98296874e-09 -9.21269260e-13 -3.88687178e+04  8.49926130e+00 -1.00000000e+00  4.35200000e+02  4.66200000e+00 
CH3COCH2O  3.50032506e+00  2.75257713e-02 -1.28950710e-05  2.21063245e-09  0.00000000e+00 -1.91236482e+04  1.28924392e+01  3.72927689e+00  2.63943697e-02 -1.09796486e-05  8.58185303e-10  3.39474590e-13 -1.91551565e+04  1.18505335e+01 -1.00000000e+00  4.35200000e+02  4.66200000e+00 
C2H3CHO  5.56154592e+00  1.79295837e-02 -8.03464758e-06  1.32295375e-09  0.00000000e+00 -1.29035886e+04 -3.47372739e+00  2.92355162e-01  3.54321417e-02 -2.94936324e-05  1.28100124e-08 -2.26144108e-12 -1.16521584e+04  2.28878280e+01 -1.00000000e+00  4.28800000e+02  4.95800000e+00 
C2H3CO  7.49438492e+00  1.07546430e-02 -3.99256412e-06  5.48455956e-10  0.00000000e+00  2.82679210e+03 -1.33012118e+01  1.36242013e+00  3.15273972e-02 -3.00218935e-05  1.48167112e-08 -2.87971530e-12  4.25770215e+03  1.72626546e+01 -1.00000000e+00  4.43200000e+02  4.12000000e+00 
C2H5CHO -4.81085452e+00  4.36437972e-02 -2.10673519e-05  3.54727729e-09  0.00000000e+00 -2.25258115e+04  5.34209461e+01  5.93107530e+00  8.87943855e-03  2.03764325e-05 -1.80149348e-08  4.14085655e-12 -2.51377751e+04 -5.87019974e-01 -1.00000000e+00  4.35200000e+02  4.66200000e+00 
C2H5CO -6.94645722e+00  4.57483957e-02 -2.34142541e-05  4.11886760e-09  0.00000000e+00 -2.88661922e+03  6.62371337e+01  8.35352246e+00 -4.08739727e-03  3.64217954e-05 -2.72457713e-08  6.06440266e-12 -6.58577307e+03 -1.05948346e+01 -1.00000000e+00  4.24600000e+02  4.82000000e+00 
CH2CH2CHO -6.77607551e+00  4.53839720e-02 -2.31798667e-05  4.07097539e-09  0.00000000e+00  2.90620639e+03  6.64968049e+01  8.36272659e+00 -3.90712606e-03  3.59751257e-05 -2.69209237e-08  5.98920261e-12 -7.55243244e+02 -9.53140102e+00 -1.00000000e+00  4.24600000e+02  4.82000000e+00 
CH3CHCHO -6.07685240e+00  4.51664595e-02 -2.31652257e-05  4.07149816e-09  0.00000000e+00 -2.45540115e+03  5.83535930e+01 -2.72811212e+00  3.80354483e-02 -1.96782132e-05  5.09554570e-09 -7.28789092e-13 -3.51122739e+03  4.04496677e+01 -1.00000000e+00  4.28800000e+02  4.95800000e+00 
CH3OCH3  8.10330127e-01  2.65923088e-02 -1.22882833e-05  2.08823241e-09  0.00000000e+00 -2.31328671e+04  2.01412653e+01  1.50763450e+00  2.39914228e-02 -8.68910500e-06 -9.66835762e-11  4.89319361e-13 -2.32810894e+04  1.67317297e+01 -1.00000000e+00  3.95000000e+02  4.03700000e+00 
CH3OCH2  2.88564016e+00  2.00972128e-02 -8.86437198e-06  1.43757750e-09  0.00000000e+00 -1.16039910e+03  1.18400146e+01  2.91327415e+00  2.03364659e-02 -9.59712342e-06  2.07478525e-09 -1.71343362e-13 -1.18844240e+03  1.16066817e+01 -1.00000000e+00  3.95000000e+02  4.03700000e+00 
CH3OCH2O2  6.77859461e+00  2.16883731e-02 -9.59100160e-06  1.56766855e-09  0.00000000e+00 -2.05773390e+04 -3.70123048e+00  2.21029612e+00  3.68877454e-02 -2.82561555e-05  1.15730533e-08 -1.97130470e-12 -1.94940940e+04  1.91463601e+01 -1.00000000e+00  3.95000000e+02  4.03700000e+00 
CH2OCH2O2H  9.67966551e+00  1.88443697e-02 -8.69141828e-06  1.46802868e-09  0.00000000e+00 -1.61394620e+04 -1.81373903e+01  2.52895507e+00  4.24128290e-02 -3.73406386e-05  1.66639333e-08 -2.96443312e-12 -1.44293306e+04  1.76899251e+01 -1.00000000e+00  3.95000000e+02  4.03700000e+00 
CH3OCH2O2H  7.62234215e+00  2.50621981e-02 -1.17482645e-05  2.01443886e-09  0.00000000e+00 -3.80932377e+04 -9.14387582e+00  1.19855761e+00  4.59060764e-02 -3.66252420e-05  1.49318970e-08 -2.46057445e-12 -3.65363161e+04  2.31339904e+01 -1.00000000e+00  3.95000000e+02  4.03700000e+00 
CH3OCH2O  1.95639414e+00  2.63630778e-02 -1.26268639e-05  2.20578823e-09  0.00000000e+00 -1.89171112e+04  1.89347825e+01  3.25889339e+00  2.22146359e-02 -7.78556340e-06 -2.41484158e-10  4.51914496e-13 -1.92377212e+04  1.23680069e+01 -1.00000000e+00  3.95000000e+02  4.03700000e+00 
O2CH2OCH2O2H  1.34531977e+01  2.05335582e-02 -9.34681436e-06  1.56275330e-09  0.00000000e+00 -3.55012286e+04 -3.29731520e+01  1.99640551e+00  5.83226232e-02 -5.53259778e-05  2.59810540e-08 -4.77141005e-12 -3.27628742e+04  2.44215005e+01 -1.00000000e+00  3.95000000e+02  4.03700000e+00 
HO2CH2OCHO  9.30893518e+00  2.14604810e-02 -1.06441318e-05  1.88837816e-09  0.00000000e+00 -5.94810865e+04 -1.40630935e+01  3.47935703e+00  4.02952392e-02 -3.30109296e-05  1.34360117e-08 -2.18601580e-12 -5.80629934e+04  1.52521392e+01 -1.00000000e+00  3.95000000e+02  4.03700000e+00 
OCH2OCHO  2.64583321e+00  2.57459812e-02 -1.36638698e-05  2.54852538e-09  0.00000000e+00 -3.97056884e+04  1.84876471e+01  5.19690837e+00  1.58839723e-02  3.53540547e-07 -6.10456923e-09  1.94661801e-12 -4.02242792e+04  6.11645828e+00 -1.00000000e+00  3.95000000e+02  4.03700000e+00 
HOCH2OCO  3.21081862e+00  2.33258230e-02 -1.20390174e-05  2.20187025e-09  0.00000000e+00 -4.33279323e+04  1.66470002e+01  6.08180801e+00  1.28768359e-02  2.04419418e-06 -6.10154921e-09  1.79820559e-12 -4.39526183e+04  2.54054449e+00 -1.00000000e+00  3.95000000e+02  4.03700000e+00 
CH3OCHO  1.62368619e+00  2.51546964e-02 -1.25731488e-05  2.24534252e-09  0.00000000e+00 -4.38326475e+04  1.98876954e+01  3.08839783e+00  2.03760048e-02 -6.84777040e-06 -7.28186203e-10  5.62130216e-13 -4.41855167e+04  1.25364719e+01 -1.00000000e+00  3.95000000e+02  4.03700000e+00 
CH3OCO  2.06062805e+00  2.17033517e-02 -1.12722056e-05  2.07043309e-09  0.00000000e+00 -2.07225787e+04  1.89380523e+01  4.16215406e+00  1.38037511e-02 -3.08486109e-07 -4.56430814e-09  1.46909632e-12 -2.11640115e+04  8.68327214e+00 -1.00000000e+00  3.95000000e+02  4.03700000e+00 
CH2OCHO  3.32584989e+00  1.87809218e-02 -9.37889747e-06  1.68300172e-09  0.00000000e+00 -2.20830746e+04  1.30035266e+01  3.22498899e+00  1.90239604e-02 -9.55384264e-06  1.70721984e-09  8.54934709e-15 -2.20531823e+04  1.35344729e+01 -1.00000000e+00  3.95000000e+02  4.03700000e+00 
C3H8  1.25605047e+00  3.15794413e-02 -1.40401200e-05  2.31498245e-09  0.00000000e+00 -1.43654264e+04  1.61548247e+01 -3.08230087e-01  3.65331801e-02 -1.97610926e-05  5.15283344e-09 -5.06336649e-13 -1.39792198e+04  2.40478733e+01 -1.00000000e+00  3.03400000e+02  4.81000000e+00 
N-C3H7  1.78719087e+00  2.77404084e-02 -1.23355226e-05  2.03295084e-09  0.00000000e+00  1.03087069e+04  1.66489231e+01  4.74365329e-01  3.19190367e-02 -1.71909780e-05  4.45927887e-09 -4.36675398e-13  1.06314565e+04  2.32670929e+01 -1.00000000e+00  3.03400000e+02  4.81000000e+00 
I-C3H7 -3.51577923e-01  3.12067737e-02 -1.43854827e-05  2.44536376e-09  0.00000000e+00  9.64244910e+03  2.81535184e+01  1.63417589e+00  2.40171372e-02 -4.72808067e-06 -3.24354603e-09  1.23539044e-12  9.20752889e+03  1.83848082e+01 -1.00000000e+00  3.03400000e+02  4.81000000e+00 
C3H6  1.68134957e+00  2.49690718e-02 -1.11276041e-05  1.84413526e-09  0.00000000e+00  8.51445775e+02  1.53699482e+01  3.94615444e-01  2.89107662e-02 -1.54886808e-05  3.88814209e-09 -3.37890352e-13  1.17760132e+03  2.19003736e+01 -1.00000000e+00  3.07800000e+02  4.14000000e+00 
C3H5-A-C3H5  3.66851913e+00  1.96203316e-02 -8.52931569e-06  1.38113234e-09  0.00000000e+00  1.84905288e+04  3.58640514e+00 -5.29131958e-01  3.34559100e-02 -2.53401027e-05  1.02865754e-08 -1.73258340e-12  1.94941423e+04  2.46172315e+01 -1.00000000e+00  3.16000000e+02  4.22000000e+00 
C3H5-T-C3H5  1.94476358e+00  2.14172765e-02 -9.55055670e-06  1.58351174e-09  0.00000000e+00  2.96402504e+04  1.59800921e+01  2.17916644e+00  2.03826623e-02 -7.91413834e-06  4.76906187e-10  2.70398536e-13  2.96002535e+04  1.48785684e+01 -1.00000000e+00  3.16000000e+02  4.22000000e+00 
C3H5-S-C3H5  3.00035963e+00  1.98934212e-02 -8.71049618e-06  1.42132580e-09  0.00000000e+00  3.03925922e+04  9.92844079e+00  1.32807335e+00  2.53107914e-02 -1.51530439e-05  4.74345565e-09 -6.24666084e-13  3.07981100e+04  1.83328787e+01 -1.00000000e+00  3.16000000e+02  4.22000000e+00 
C3H4-A-H4C3  1.97418459e+00  2.05280021e-02 -1.01844059e-05  1.87323627e-09  0.00000000e+00  2.25034216e+04  1.21178939e+01  2.53983100e+00  1.63343700e-02 -1.76495000e-06 -4.64736500e-09  1.72913100e-12  2.25124300e+04  9.93570200e+00 -1.00000000e+00  3.24800000e+02  4.29000000e+00 
C3H4-P-H4C3  1.76237742e+00  2.05568619e-02 -1.01191630e-05  1.83936170e-09  0.00000000e+00  2.17000925e+04  1.39629625e+01  3.02973000e+00  1.49896100e-02 -1.39850000e-06 -3.96961900e-09  1.38821700e-12  2.14840800e+04  8.00459400e+00 -1.00000000e+00  3.24800000e+02  4.29000000e+00 
C3H3  8.83104700e+00  4.35719500e-03 -4.10906700e-07 -2.36872300e-10  4.37652000e-14  3.84742000e+04 -2.17791900e+01  4.75420000e+00  1.10802800e-02  2.79332300e-07 -5.47921200e-09  1.94962900e-12  3.98888300e+04  5.85454900e-01 -1.00000000e+00  3.24800000e+02  4.29000000e+00 
C3H2  7.67098100e+00  2.74874900e-03 -4.37094300e-07 -6.45559900e-11  1.66388700e-14  6.25972200e+04 -1.23689000e+01  3.16671400e+00  2.48257200e-02 -4.59163700e-05  4.26801900e-08 -1.48215200e-11  6.35042100e+04  8.86944600e+00 -1.00000000e+00  2.09000000e+02  4.10000000e+00 
C3H5O  3.39074577e+00  2.41301620e-02 -1.13650894e-05  1.97900938e-09  0.00000000e+00  9.00757452e+03  1.03459501e+01  1.19822582e+00  3.05579837e-02 -1.80630276e-05  4.86150033e-09 -4.19854562e-13  9.58217784e+03  2.15566221e+01 -1.00000000e+00  4.11000000e+02  4.82000000e+00 
C3H6OOH1-3-C3H7O2  6.08114425e+00  3.01339820e-02 -1.38628569e-05  2.32905861e-09  0.00000000e+00 -1.16933310e+03  3.85778881e-01  1.88331465e+00  4.40156051e-02 -3.07858462e-05  1.13214862e-08 -1.75323184e-12 -1.68779168e+02  2.14040621e+01 -1.00000000e+00 -1.00000000e+00 -1.00000000e+00 
C3H6OOH1-2-C3H7O2  6.11209376e+00  2.71994345e-02 -1.18138942e-05  1.92988821e-09  0.00000000e+00 -1.58345092e+03  3.06472503e+00  2.87774562e+00  3.74166999e-02 -2.36058063e-05  7.79930860e-09 -1.06042562e-12 -7.82368119e+02  1.93941340e+01 -1.00000000e+00 -1.00000000e+00 -1.00000000e+00 
C3H6OOH2-1-C3H7O2  9.51872798e+00  2.24339261e-02 -9.25253217e-06  1.44422939e-09  0.00000000e+00 -3.66915364e+03 -1.71895551e+01  2.09193950e+00  4.69220394e-02 -3.90280831e-05  1.72381453e-08 -3.07968979e-12 -1.89377918e+03  2.00178282e+01 -1.00000000e+00 -1.00000000e+00 -1.00000000e+00 
C3H6OOH2-2-C3H7O2  9.51872798e+00  2.24339261e-02 -9.25253217e-06  1.44422939e-09  0.00000000e+00 -3.66915364e+03 -1.71895551e+01  2.09193950e+00  4.69220394e-02 -3.90280831e-05  1.72381453e-08 -3.07968979e-12 -1.89377918e+03  2.00178282e+01 -1.00000000e+00  4.35200000e+02  4.66200000e+00 
C3H6OOH1-2O2-C3H7O4  1.05243923e+01  3.07940033e-02 -1.38088691e-05  2.25844932e-09  0.00000000e+00 -2.27195952e+04 -1.90830304e+01  2.65196584e+00  5.74638149e-02 -4.72190867e-05  2.05591557e-08 -3.68787387e-12 -2.08829371e+04  2.01547955e+01 -1.00000000e+00  4.35200000e+02  4.66200000e+00 
C3H6OOH1-3O2-C3H7O4  9.22535194e+00  3.26807594e-02 -1.48233007e-05  2.44836992e-09  0.00000000e+00 -1.99593555e+04 -1.16318413e+01  3.14864588e+00  5.33542571e-02 -4.08330611e-05  1.67542220e-08 -2.89288326e-12 -1.85473645e+04  1.86305431e+01 -1.00000000e+00  4.35200000e+02  4.66200000e+00 
C3H6OOH2-1O2-C3H7O4  1.05243923e+01  3.07940033e-02 -1.38088691e-05  2.25844932e-09  0.00000000e+00 -2.27195952e+04 -1.90830304e+01  2.65196584e+00  5.74638149e-02 -4.72190867e-05  2.05591557e-08 -3.68787387e-12 -2.08829371e+04  2.01547955e+01 -1.00000000e+00  4.35200000e+02  4.66200000e+00 
N-C3H7O  3.50829492e+00  2.98506806e-02 -1.36518490e-05  2.30994210e-09  0.00000000e+00 -7.14512091e+03  9.04718221e+00 -2.16869993e-01  4.14789744e-02 -2.68724173e-05  8.76685704e-09 -1.13947550e-12 -6.21358042e+03  2.78942641e+01 -1.00000000e+00  4.81500000e+02  4.99700000e+00 
I-C3H7O  5.73744644e+00  2.53895193e-02 -1.14785868e-05  1.92578198e-09  0.00000000e+00 -9.72655554e+03 -4.93033713e+00 -8.18260771e-01  4.68807147e-02 -3.74369377e-05  1.55917264e-08 -2.64308171e-12 -8.15153216e+03  2.79483196e+01 -1.00000000e+00  4.59500000e+02  5.03600000e+00 
N-C3H7O2H  5.53195674e+00  3.39906583e-02 -1.55632971e-05  2.60796784e-09  0.00000000e+00 -2.58355516e+04  6.91563698e-01  1.13366696e+00  4.84919904e-02 -3.31801457e-05  1.19308278e-08 -1.80905372e-12 -2.47845493e+04  2.27256088e+01 -1.00000000e+00  4.81500000e+02  4.99700000e+00 
I-C3H7O2H  6.94298974e+00  3.18935633e-02 -1.44142305e-05  2.38953553e-09  0.00000000e+00 -2.86314978e+04 -8.06117746e+00  5.19265570e-01  5.32111228e-02 -4.05156892e-05  1.63346713e-08 -2.73751233e-12 -2.71048486e+04  2.40815065e+01 -1.00000000e+00  4.59500000e+02  5.03600000e+00 
N-C3H7O2  4.71102090e+00  3.06142048e-02 -1.34432869e-05  2.17481455e-09  0.00000000e+00 -8.53286429e+03  5.98366370e+00  2.10731492e+00  3.96164986e-02 -2.49491599e-05  8.59450300e-09 -1.31240330e-12 -7.93745567e+03  1.89082748e+01 -1.00000000e+00  4.81500000e+02  4.99700000e+00 
I-C3H7O2  6.12023736e+00  2.85231950e-02 -1.23003518e-05  1.95801865e-09  0.00000000e+00 -1.13282549e+04 -2.75966759e+00  1.49941639e+00  4.43081205e-02 -3.22414456e-05  1.29687136e-08 -2.23370569e-12 -1.02587980e+04  2.02336490e+01 -1.00000000e+00  4.59500000e+02  5.03600000e+00 
C3H6O1-3-C3H6O -7.87010236e-01  3.66356674e-02 -1.90594533e-05  3.50627205e-09  0.00000000e+00 -1.06017044e+04  2.67067697e+01 -2.75717996e+00  4.26371602e-02 -2.56831231e-05  6.62981208e-09 -5.31193325e-13 -1.00990375e+04  3.67181804e+01 -1.00000000e+00  4.03600000e+02  4.96800000e+00 
C3H6O1-2-C3H6O  3.38847938e+00  2.75998053e-02 -1.31204208e-05  2.25193748e-09  0.00000000e+00 -1.33927687e+04  5.77788266e+00 -1.21988153e+00  4.28578772e-02 -3.17530249e-05  1.21763736e-08 -1.94154303e-12 -1.22953761e+04  2.88467826e+01 -1.00000000e+00  4.03600000e+02  4.96800000e+00 
C3KET12-C3H6O3  8.56015723e+00  2.81325143e-02 -1.32261637e-05  2.25413124e-09  0.00000000e+00 -3.81432115e+04 -1.19305616e+01  1.10507238e+00  5.27396706e-02 -4.31805774e-05  1.81618292e-08 -3.10535568e-12 -3.63627536e+04  2.54111636e+01 -1.00000000e+00  4.64200000e+02  5.00900000e+00 
C3KET13-C3H6O3  7.36879167e+00  2.89898073e-02 -1.33892822e-05  2.24791365e-09  0.00000000e+00 -3.57832882e+04 -4.82582023e+00  3.55241022e+00  4.18720270e-02 -2.94550370e-05  1.09982900e-08 -1.75045977e-12 -3.48902671e+04  1.42082894e+01 -1.00000000e+00  4.64200000e+02  5.00900000e+00 
C3KET21-C3H6O3  5.66290215e+00  3.21780042e-02 -1.53602081e-05  2.64984419e-09  0.00000000e+00 -3.89423019e+04  4.40481950e+00  4.55686367e+00  3.57076837e-02 -1.94712054e-05  4.70695431e-09 -3.69753807e-13 -3.86710975e+04  9.97761694e+00 -1.00000000e+00  4.64200000e+02  5.00900000e+00 
C3H51-2J3OOH-C3H7O4  1.18687231e+01  3.03796591e-02 -1.42942228e-05  2.43043516e-09  0.00000000e+00 -1.53447824e+04 -2.44754289e+01  2.55619708e+00  6.13504487e-02 -5.23205391e-05  2.28208029e-08 -4.02231508e-12 -1.31353414e+04  2.21043799e+01 -1.00000000e+00  4.35200000e+02  4.66200000e+00 
C3H52-1J3OOH-C3H7O4  9.67696819e+00  3.36349752e-02 -1.60976879e-05  2.77722865e-09  0.00000000e+00 -1.36030398e+04 -1.29879421e+01  4.12253742e+00  5.19553611e-02 -3.83733727e-05  1.45851637e-08 -2.29820536e-12 -1.22759164e+04  1.48367359e+01 -1.00000000e+00  4.35200000e+02  4.66200000e+00 
C3H6OH  1.85585587e+00  3.13094580e-02 -1.47210183e-05  2.56968850e-09  0.00000000e+00 -9.30932685e+03  2.13480092e+01  1.20494302e+00  3.30857885e-02 -1.63893637e-05  3.18103918e-09 -6.84229288e-14 -9.12961720e+03  2.47155202e+01 -1.00000000e+00  4.87900000e+02  4.82000000e+00 
HOC3H6O2  7.96579825e+00  2.79859212e-02 -1.17755875e-05  1.85375863e-09  0.00000000e+00 -2.87480257e+04 -6.08854489e+00  3.06954289e+00  4.43105640e-02 -3.18636260e-05  1.26409287e-08 -2.12751901e-12 -2.75893676e+04  1.83891218e+01 -1.00000000e+00  4.87900000e+02  4.82000000e+00 
CH3CHCO  6.45951145e+00  1.56117000e-02 -6.55127220e-06  1.02541702e-09  0.00000000e+00 -1.27042477e+04 -7.71512800e+00  1.48380119e+00  3.22203013e-02 -2.70250033e-05  1.20499164e-08 -2.18365931e-12 -1.15276540e+04  1.71552068e+01 -1.00000000e+00  4.43200000e+02  4.12000000e+00 
A-C3H5OOH  7.07396238e+00  2.50297070e-02 -1.12296970e-05  1.86002484e-09  0.00000000e+00 -1.05510508e+04 -6.19280554e+00  2.43934647e+00  4.02070638e-02 -2.95322679e-05  1.14715600e-08 -1.85170511e-12 -9.43679906e+03  1.70549969e+01 -1.00000000e+00  4.81500000e+02  4.99700000e+00 
C2H3OOH  1.00197947e+01  1.06243801e-02 -3.92994727e-06  5.19566163e-10  0.00000000e+00 -1.07854597e+04 -2.52809258e+01  2.14763346e-01  4.40080434e-02 -4.59936948e-05  2.37161965e-08 -4.71151482e-12 -8.50786546e+03  2.35437100e+01 -1.00000000e+00  4.28800000e+02  4.95800000e+00 
HE  2.50000000e+00  0.00000000e+00  0.00000000e+00  0.00000000e+00  0.00000000e+00 -7.45375000e+02  9.15348900e-01  2.50000000e+00  0.00000000e+00  0.00000000e+00  0.00000000e+00  0.00000000e+00 -7.45375000e+02  9.15348800e-01 -1.00000000e+00  1.02000000e+01  2.57600000e+00 
C  2.60208700e+00 -1.78708100e-04  9.08704100e-08 -1.14993300e-11  3.31084400e-16  8.54215400e+04  4.19517700e+00  2.49858500e+00  8.08577700e-05 -2.69769700e-07  3.04072900e-10 -1.10665200e-13  8.54587800e+04  4.75345900e+00 -1.00000000e+00  7.14000000e+01  3.29800000e+00 
CH2GSG-CH2  3.55288900e+00  2.06678800e-03 -1.91411600e-07 -1.10467300e-10  2.02135000e-14  4.98497500e+04  1.68657000e+00  3.97126500e+00 -1.69908900e-04  1.02536900e-06  2.49255100e-09 -1.98126600e-12  4.98936800e+04  5.75320700e-02 -1.00000000e+00  1.44000000e+02  3.80000000e+00 
C4H10  2.03331353e+00  4.04417593e-02 -1.81974895e-05  3.03637308e-09  0.00000000e+00 -1.75293545e+04  1.38444331e+01 -4.55756824e-01  4.80323389e-02 -2.65497552e-05  6.92544700e-09 -6.38317504e-13 -1.68960904e+04  2.64870966e+01 -1.00000000e+00  3.50900000e+02  5.20600000e+00 
P-C4H9  2.57417369e+00  3.65898413e-02 -1.64875039e-05  2.75350817e-09  0.00000000e+00  7.14181745e+03  1.42852716e+01  3.20730933e-01  4.34654454e-02 -2.40584970e-05  6.28245308e-09 -5.80113166e-13  7.71490893e+03  2.57301085e+01 -1.00000000e+00  3.52000000e+02  5.24000000e+00 
S-C4H9  8.54112909e-01  3.95264854e-02 -1.84376997e-05  3.18086734e-09  0.00000000e+00  6.30349880e+03  2.40459445e+01  8.49159986e-01  3.82085320e-02 -1.49626797e-05  2.04499211e-10  8.24254437e-13  6.38832956e+03  2.44466606e+01 -1.00000000e+00  3.52000000e+02  5.24000000e+00 
C4H8-1-C4H8  3.10493930e+00  3.25928768e-02 -1.44136240e-05  2.36771812e-09  0.00000000e+00 -2.44299861e+03  9.65689344e+00 -8.33377133e-01  4.54141123e-02 -2.97609030e-05  1.03518354e-08 -1.51975733e-12 -1.49161811e+03  2.94327905e+01 -1.00000000e+00  3.55000000e+02  4.65000000e+00 
C4H8-2-C4H8  1.76408490e+00  3.46225159e-02 -1.56275307e-05  2.61778465e-09  0.00000000e+00 -3.41250300e+03  1.58480081e+01  6.69213599e-01  3.76839941e-02 -1.85689683e-05  3.69571062e-09 -1.03095209e-13 -3.11675402e+03  2.14868169e+01 -1.00000000e+00  3.55000000e+02  4.65000000e+00 
C4H71-1-C4H7  4.35645911e+00  2.76779248e-02 -1.21237095e-05  1.97555110e-09  0.00000000e+00  2.70224842e+04  4.61579311e+00  1.19943124e-01  4.15804401e-02 -2.89254150e-05  1.08174803e-08 -1.70622296e-12  2.80390734e+04  2.58581923e+01 -1.00000000e+00  3.57100000e+02  4.72000000e+00 
C4H71-2-C4H7  3.30044224e+00  2.92096935e-02 -1.29708235e-05  2.13941376e-09  0.00000000e+00  2.62694785e+04  1.06666141e+01  9.64124370e-01  3.66781354e-02 -2.17105448e-05  6.55880219e-09 -8.11791145e-13  2.68423270e+04  2.24365633e+01 -1.00000000e+00  3.57100000e+02  4.72000000e+00 
C4H71-3-C4H7  2.82893542e+00  3.08279945e-02 -1.39143197e-05  2.32514504e-09  0.00000000e+00  1.44734902e+04  9.85208535e+00 -1.12475112e+00  4.34882854e-02 -2.87750454e-05  9.88046971e-09 -1.40120341e-12  1.54420160e+04  2.97651156e+01 -1.00000000e+00  3.57100000e+02  4.72000000e+00 
C4H71-4-C4H7  3.56857459e+00  2.89182211e-02 -1.28404540e-05  2.11744127e-09  0.00000000e+00  2.21547623e+04  9.85464593e+00 -4.09581101e-02  4.06024409e-02 -2.67339769e-05  9.28995844e-09 -1.35368138e-12  2.30309664e+04  2.79985374e+01 -1.00000000e+00  3.57100000e+02  4.72000000e+00 
C4H72-2-C4H7  2.03902943e+00  3.10594964e-02 -1.40470865e-05  2.35689865e-09  0.00000000e+00  2.51503046e+04  1.70813265e+01  2.43874352e+00  2.92295980e-02 -1.10907624e-05  3.35089369e-10  4.95669524e-13  2.50864168e+04  1.52219548e+01 -1.00000000e+00  3.57100000e+02  4.72000000e+00 
C4H6  6.31773432e+00  2.17235924e-02 -8.92512394e-06  1.36214233e-09  0.00000000e+00  9.94065362e+03 -9.56816296e+00 -1.43095121e+00  4.78706062e-02 -4.15446800e-05  1.91549552e-08 -3.57158507e-12  1.17551314e+04  2.90825833e+01 -1.00000000e+00  3.57000000e+02  4.72000000e+00 
P-C4H9O2H  6.66571028e+00  4.20365876e-02 -1.90814017e-05  3.17628538e-09  0.00000000e+00 -2.90708058e+04 -3.48883917e+00  6.34644286e-01  6.20007657e-02 -4.34477749e-05  1.61407616e-08 -2.53121507e-12 -2.76345805e+04  2.67026090e+01 -1.00000000e+00  4.96000000e+02  5.20000000e+00 
S-C4H9O2H  7.83773440e+00  4.04184203e-02 -1.82583823e-05  3.02942844e-09  0.00000000e+00 -3.17881982e+04 -1.02556863e+01  3.40587657e-01  6.52078069e-02 -4.84840460e-05  1.91011830e-08 -3.13833073e-12 -3.00007960e+04  2.72835451e+01 -1.00000000e+00  4.96000000e+02  5.20000000e+00 
P-C4H9O2  5.60083841e+00  3.91490769e-02 -1.72943808e-05  2.81627827e-09  0.00000000e+00 -1.16875975e+04  3.12724167e+00  1.94363650e+00  5.15513163e-02 -3.28284400e-05  1.13064860e-08 -1.70118606e-12 -1.08358103e+04  2.13503149e+01 -1.00000000e+00  4.96000000e+02  5.20000000e+00 
S-C4H9O2  7.01189811e+00  3.70542339e-02 -1.61486683e-05  2.59881876e-09  0.00000000e+00 -1.44838320e+04 -4.93718504e+00  1.32689044e+00  5.62785583e-02 -4.01717786e-05  1.57120967e-08 -2.62948443e-12 -1.31557057e+04  2.34069659e+01 -1.00000000e+00  4.96000000e+02  5.20000000e+00 
P-C4H9O  4.37001462e+00  3.88385398e-02 -1.80022208e-05  3.08536269e-09  0.00000000e+00 -1.03548660e+04  6.18709539e+00 -4.99964924e-01  5.37157310e-02 -3.44426650e-05  1.08145957e-08 -1.29600044e-12 -9.11644218e+03  3.09183423e+01 -1.00000000e+00  4.96000000e+02  5.20000000e+00 
S-C4H9O  3.65551008e+00  4.14630239e-02 -2.02027846e-05  3.61172609e-09  0.00000000e+00 -1.21474476e+04  8.20463572e+00 -4.09000900e-01  5.38573427e-02 -3.39105695e-05  1.01023834e-08 -1.11268025e-12 -1.11109627e+04  2.88554742e+01 -1.00000000e+00  4.96000000e+02  5.20000000e+00 
C4H7O  6.21920403e+00  3.10373110e-02 -1.47414983e-05  2.57805897e-09  0.00000000e+00  2.91790666e+03 -4.77187791e+00 -1.60619192e+00  5.58562682e-02 -4.35595767e-05  1.70589279e-08 -2.65635180e-12  4.85090326e+03  3.47112559e+01 -1.00000000e+00  4.96000000e+02  5.20000000e+00 
C4H8O1-2-C4H8O  4.67037907e+00  3.50246182e-02 -1.58361706e-05  2.64887928e-09  0.00000000e+00 -1.71198283e+04  9.85376566e-01 -2.42033073e+00  5.79308508e-02 -4.30236499e-05  1.66679793e-08 -2.64714350e-12 -1.53950880e+04  3.66425242e+01 -1.00000000e+00  4.96000000e+02  5.20000000e+00 
C4H8O1-3-C4H8O  1.21760920e+00  4.27489537e-02 -2.11986998e-05  3.76114092e-09  0.00000000e+00 -1.62411926e+04  1.77252459e+01 -2.53690104e+00  5.43995707e-02 -3.43390305e-05  1.01079922e-08 -1.10262736e-12 -1.52980680e+04  3.67400719e+01 -1.00000000e+00  4.96000000e+02  5.20000000e+00 
C4H8O1-4-C4H8O -2.17482656e+00  4.82025308e-02 -2.43703299e-05  4.39006244e-09  0.00000000e+00 -2.33588980e+04  3.59830173e+01 -3.28505561e+00  5.04800902e-02 -2.51998984e-05  3.65743744e-09  3.94863161e-13 -2.30067422e+04  4.19349253e+01 -1.00000000e+00  4.96000000e+02  5.20000000e+00 
C4H8O2-3-C4H8O  5.73640918e+00  3.39381723e-02 -1.56422436e-05  2.61523066e-09  0.00000000e+00 -1.92450927e+04 -6.85064385e+00 -2.98701197e+00  6.32678880e-02 -5.20855777e-05  2.24064364e-08 -3.95416618e-12 -1.71957196e+04  3.66920390e+01 -1.00000000e+00  4.96000000e+02  5.20000000e+00 
C4H8OH-1-C4H9O  2.77751858e+00  3.99223895e-02 -1.87967906e-05  3.28634732e-09  0.00000000e+00 -1.24867598e+04  1.82685995e+01  8.93729480e-01  4.56458552e-02 -2.50918881e-05  6.24130181e-09 -4.99533512e-13 -1.20051696e+04  2.78453352e+01 -1.00000000e+00  4.96000000e+02  5.20000000e+00 
C4H8OH-2-C4H9O  4.36264663e+00  3.70437516e-02 -1.67645501e-05  2.82495285e-09  0.00000000e+00 -1.51559702e+04  8.74389970e+00  7.34225848e-01  4.82233506e-02 -2.92566110e-05  8.78396067e-09 -1.01812519e-12 -1.42394556e+04  2.71427693e+01 -1.00000000e+00  4.96000000e+02  5.20000000e+00 
C4H8OH-1O2-C4H9O3  8.87184908e+00  3.65026948e-02 -1.56293715e-05  2.49800065e-09  0.00000000e+00 -3.19499151e+04 -9.03872130e+00  2.88497398e+00  5.63287929e-02 -3.98403503e-05  1.53891643e-08 -2.51940787e-12 -3.05246721e+04  2.09293355e+01 -1.00000000e+00  5.02200000e+02  5.35600000e+00 
C4H8OH-2O2-C4H9O3  1.02059841e+01  3.48728135e-02 -1.48375219e-05  2.35814270e-09  0.00000000e+00 -3.45976548e+04 -1.74758385e+01  2.10003504e+00  6.17528218e-02 -4.77238541e-05  1.99145784e-08 -3.44416275e-12 -3.26698755e+04  2.30901271e+01 -1.00000000e+00  5.02200000e+02  5.35600000e+00 
C4H8OOH1-1-C4H9O2  5.48413106e+00  4.21512546e-02 -2.02232553e-05  3.53495465e-09  0.00000000e+00 -7.24568754e+03  6.49921247e+00  4.36087539e+00  4.46153162e-02 -2.14784588e-05  3.14619957e-09  3.03152649e-13 -6.89950326e+03  1.24757248e+01 -1.00000000e+00  3.57100000e+02  4.72000000e+00 
C4H8OOH1-2-C4H9O2  7.13109923e+00  3.57557838e-02 -1.54613897e-05  2.48394813e-09  0.00000000e+00 -4.82672505e+03 -1.57894701e+00  1.51698234e+00  5.44584331e-02 -3.84524319e-05  1.48145523e-08 -2.42809434e-12 -3.49728423e+03  2.64916926e+01 -1.00000000e+00  4.96000000e+02  5.20000000e+00 
C4H8OOH1-3-C4H9O2  5.39803200e+00  4.14364884e-02 -1.96843406e-05  3.42149659e-09  0.00000000e+00 -5.22953508e+03  6.43453600e+00  1.94106276e+00  5.18789351e-02 -3.10411683e-05  8.63568881e-09 -8.42841994e-13 -4.34315962e+03  2.40230471e+01 -1.00000000e+00  4.96000000e+02  5.20000000e+00 
C4H8OOH1-4-C4H9O2  7.17989726e+00  3.82501545e-02 -1.74275797e-05  2.90742317e-09  0.00000000e+00 -4.39198079e+03 -3.60217471e+00  1.45017084e+00  5.72418991e-02 -4.06431218e-05  1.52821793e-08 -2.42123218e-12 -3.02905522e+03  2.50737890e+01 -1.00000000e+00  4.96000000e+02  5.20000000e+00 
C4H8OOH2-1-C4H9O2  8.42782414e+00  3.64727341e-02 -1.64916797e-05  2.73516443e-09  0.00000000e+00 -7.13574422e+03 -1.07780646e+01  1.01711681e+00  6.10560866e-02 -4.65789185e-05  1.88024138e-08 -3.15265575e-12 -5.37391474e+03  2.63059691e+01 -1.00000000e+00  4.96000000e+02  5.20000000e+00 
C4H8OOH2-2-C4H9O2  5.55642571e+00  3.97863950e-02 -1.82162063e-05  3.07182972e-09  0.00000000e+00 -1.01033561e+04  7.12329138e+00  4.40329034e+00  4.30478989e-02 -2.14076129e-05  4.28267268e-09 -1.27804885e-13 -9.79432029e+03  1.30514046e+01 -1.00000000e+00  3.57100000e+02  4.72000000e+00 
C4H8OOH2-3-C4H9O2  6.82817179e+00  3.90775915e-02 -1.81446665e-05  3.08835255e-09  0.00000000e+00 -8.00398194e+03 -1.63350211e+00  1.45436266e+00  5.63121286e-02 -3.84161425e-05  1.34229297e-08 -1.92382914e-12 -6.68916116e+03  2.54247554e+01 -1.00000000e+00  4.96000000e+02  5.20000000e+00 
C4H8OOH2-4-C4H9O2  8.42782414e+00  3.64727341e-02 -1.64916797e-05  2.73516443e-09  0.00000000e+00 -7.13574422e+03 -1.07780646e+01  1.01711681e+00  6.10560866e-02 -4.65789185e-05  1.88024138e-08 -3.15265575e-12 -5.37391474e+03  2.63059691e+01 -1.00000000e+00  4.96000000e+02  5.20000000e+00 
C4H8OOH1-2O2-C4H9O4  1.15235097e+01  3.90899129e-02 -1.74801372e-05  2.85792164e-09  0.00000000e+00 -2.59146763e+04 -2.25401946e+01  2.22400728e+00  7.04994620e-02 -5.66978827e-05  2.42627751e-08 -4.29715459e-12 -2.37391490e+04  2.38371533e+01 -1.00000000e+00  4.96000000e+02  5.20000000e+00 
C4H8OOH1-3O2-C4H9O4  1.15235097e+01  3.90899129e-02 -1.74801372e-05  2.85792164e-09  0.00000000e+00 -2.59146763e+04 -2.25401946e+01  2.22400728e+00  7.04994620e-02 -5.66978827e-05  2.42627751e-08 -4.29715459e-12 -2.37391490e+04  2.38371533e+01 -1.00000000e+00  4.96000000e+02  5.20000000e+00 
C4H8OOH1-4O2-C4H9O4  1.00102420e+01  4.14012951e-02 -1.87731162e-05  3.10731910e-09  0.00000000e+00 -2.30765264e+04 -1.39085459e+01  3.12351717e+00  6.46725908e-02 -4.78357914e-05  1.89656817e-08 -3.18025828e-12 -2.14664300e+04  2.04322494e+01 -1.00000000e+00  4.96000000e+02  5.20000000e+00 
C4H8OOH2-1O2-C4H9O4  1.15235097e+01  3.90899129e-02 -1.74801372e-05  2.85792164e-09  0.00000000e+00 -2.59146763e+04 -2.25401946e+01  2.22400728e+00  7.04994620e-02 -5.66978827e-05  2.42627751e-08 -4.29715459e-12 -2.37391490e+04  2.38371533e+01 -1.00000000e+00  4.96000000e+02  5.20000000e+00 
C4H8OOH2-3O2-C4H9O4  1.31330211e+01  3.66582306e-02 -1.61269683e-05  2.59758018e-09  0.00000000e+00 -2.87328236e+04 -3.15863219e+01  2.19248006e+00  7.36763430e-02 -6.24428300e-05  2.79371307e-08 -5.10126013e-12 -2.61773538e+04  2.29568752e+01 -1.00000000e+00  4.96000000e+02  5.20000000e+00 
C4H8OOH2-4O2-C4H9O4  1.15235097e+01  3.90899129e-02 -1.74801372e-05  2.85792164e-09  0.00000000e+00 -2.59146763e+04 -2.25401946e+01  2.22400728e+00  7.04994620e-02 -5.66978827e-05  2.42627751e-08 -4.29715459e-12 -2.37391490e+04  2.38371533e+01 -1.00000000e+00  4.96000000e+02  5.20000000e+00 
NC4KET12-C4H8O3  9.48072788e+00  3.66222159e-02 -1.70341928e-05  2.88366998e-09  0.00000000e+00 -4.13126119e+04 -1.49682845e+01  8.05387149e-01  6.52375119e-02 -5.18373651e-05  2.13454896e-08 -3.59860255e-12 -3.92395961e+04  2.84908472e+01 -1.00000000e+00  4.76000000e+02  5.77800000e+00 
NC4KET13-C4H8O3  9.71255476e+00  3.53335824e-02 -1.60139120e-05  2.65205380e-09  0.00000000e+00 -4.17456953e+04 -1.59664726e+01  2.74883461e+00  5.86936745e-02 -4.49605895e-05  1.83200130e-08 -3.11765369e-12 -4.01065878e+04  1.88072090e+01 -1.00000000e+00  4.76000000e+02  5.77800000e+00 
NC4KET14-C4H8O3  8.25215686e+00  3.75251503e-02 -1.72289731e-05  2.88522139e-09  0.00000000e+00 -3.89341606e+04 -7.64128626e+00  3.40797147e+00  5.37386096e-02 -3.72613233e-05  1.36862855e-08 -2.13798779e-12 -3.77919233e+04  1.65580190e+01 -1.00000000e+00  4.76000000e+02  5.77800000e+00 
NC4KET21-C4H8O3  7.61421009e+00  3.82230395e-02 -1.74637646e-05  2.90608267e-09  0.00000000e+00 -4.25283889e+04 -3.78240321e+00  4.69785973e+00  4.83859623e-02 -3.05576939e-05  1.02705744e-08 -1.51713483e-12 -4.18665528e+04  1.06715264e+01 -1.00000000e+00  4.76000000e+02  5.77800000e+00 
NC4KET23-C4H8O3  8.62000028e+00  3.79849103e-02 -1.77907096e-05  3.02697830e-09  0.00000000e+00 -4.48328537e+04 -1.09220090e+01  4.50575961e-01  6.48862527e-02 -5.04446464e-05  2.03085220e-08 -3.35952497e-12 -4.28779359e+04  3.00153676e+01 -1.00000000e+00  4.76000000e+02  5.77800000e+00 
NC4KET24-C4H8O3  7.44300078e+00  3.88197902e-02 -1.79431864e-05  3.01914001e-09  0.00000000e+00 -4.24756092e+04 -3.88610955e+00  2.93007283e+00  5.39296076e-02 -3.66164919e-05  1.30880106e-08 -1.99245456e-12 -4.14118815e+04  1.86567511e+01 -1.00000000e+00  4.76000000e+02  5.77800000e+00 
C2H5COCH3  3.14217575e+00  3.64056291e-02 -1.64165914e-05  2.72705273e-09  0.00000000e+00 -3.11295575e+04  1.25312262e+01  1.60664724e+00  4.13951332e-02 -2.23585444e-05  5.78456048e-09 -5.69530338e-13 -3.07586009e+04  2.02429671e+01 -1.00000000e+00  4.54000000e+02  5.41300000e+00 
C2H5COCH2  5.33383611e+00  3.13958529e-02 -1.43898013e-05  2.41217813e-09  0.00000000e+00 -1.04116157e+04  9.78236460e-01  1.54013856e+00  4.39486258e-02 -2.97002421e-05  1.05495313e-08 -1.58598769e-12 -9.50796505e+03  1.99706641e+01 -1.00000000e+00  4.54000000e+02  5.41300000e+00 
CH2CH2COCH3  3.65845491e+00  3.25886459e-02 -1.47181305e-05  2.44493839e-09  0.00000000e+00 -6.44960837e+03  1.31091016e+01  2.40255609e+00  3.67294268e-02 -1.97316510e-05  5.07323216e-09 -4.99655275e-13 -6.15006886e+03  1.93993386e+01 -1.00000000e+00  4.54000000e+02  5.41300000e+00 
CH3CHCOCH3  3.87334258e+00  3.30360274e-02 -1.51930144e-05  2.56064147e-09  0.00000000e+00 -1.12685393e+04  7.90733072e+00  8.12941079e-01  4.29256944e-02 -2.69230252e-05  8.59326807e-09 -1.13188129e-12 -1.05247481e+04  2.32952685e+01 -1.00000000e+00  4.54000000e+02  5.41300000e+00 
C2H3COCH3  4.19446646e+00  2.97728070e-02 -1.36830365e-05  2.30418959e-09  0.00000000e+00 -1.79836325e+04  6.61804138e+00  2.45578501e-01  4.26432049e-02 -2.91126822e-05  1.03478392e-08 -1.53551381e-12 -1.70305379e+04  2.64430799e+01 -1.00000000e+00  4.54000000e+02  5.41300000e+00 
CH3CHOOCOCH3  9.54050436e+00  3.07346675e-02 -1.32581812e-05  2.11278978e-09  0.00000000e+00 -2.72099452e+04 -1.35725691e+01  1.59405312e+00  5.74729487e-02 -4.65071459e-05  2.01816805e-08 -3.61175600e-12 -2.53445178e+04  2.60857480e+01 -1.00000000e+00  4.54000000e+02  5.41300000e+00 
CH2CHOOHCOCH3  1.06086210e+01  3.09546764e-02 -1.41525177e-05  2.36897381e-09  0.00000000e+00 -2.11210778e+04 -1.82701696e+01  1.55204769e+00  6.08201262e-02 -5.04704383e-05  2.16347587e-08 -3.75674081e-12 -1.89563540e+04  2.71011896e+01 -1.00000000e+00  4.54000000e+02  5.41300000e+00 
N-C3H7CHO  3.99143562e+00  3.53602593e-02 -1.61297177e-05  2.72102879e-09  0.00000000e+00 -2.76351912e+04  8.43276649e+00  1.87415959e+00  4.19240315e-02 -2.35148779e-05  6.26913673e-09 -6.09443908e-13 -2.71032194e+04  1.91568574e+01 -1.00000000e+00  4.64200000e+02  5.00900000e+00 
N-C3H7CO  4.45435627e+00  3.15546013e-02 -1.43652234e-05  2.41530538e-09  0.00000000e+00 -9.02549160e+03  7.47200116e+00  2.67256826e+00  3.71198825e-02 -2.06862859e-05  5.48873888e-09 -5.35864183e-13 -8.58050888e+03  1.64848950e+01 -1.00000000e+00  4.64200000e+02  5.00900000e+00 
C3H6CHO-1-C4H7O  4.58384514e+00  3.12925271e-02 -1.42120472e-05  2.38570886e-09  0.00000000e+00 -2.96986868e+03  7.94425013e+00  2.67672303e+00  3.73064128e-02 -2.11281405e-05  5.80472681e-09 -6.09688236e-13 -2.49714183e+03  1.75750933e+01 -1.00000000e+00  4.64200000e+02  5.00900000e+00 
C3H6CHO-2-C4H7O  2.56503951e+00  3.48985410e-02 -1.65932518e-05  2.90180507e-09  0.00000000e+00 -3.71181105e+03  1.93046783e+01  2.95067531e+00  3.34223079e-02 -1.45356815e-05  1.67282048e-09  2.62011555e-13 -3.79034324e+03  1.74324072e+01 -1.00000000e+00  4.64200000e+02  5.00900000e+00 
C3H6CHO-3-C4H7O  4.62449658e+00  3.18956079e-02 -1.46262738e-05  2.46539612e-09  0.00000000e+00 -7.71351688e+03  4.45358269e+00  1.35168659e+00  4.23714083e-02 -2.69123192e-05  8.70132567e-09 -1.15287455e-12 -6.91166610e+03  2.09381509e+01 -1.00000000e+00  4.64200000e+02  5.00900000e+00 
C2H5CHCO  7.68194073e+00  2.37556905e-02 -1.02281219e-05  1.63882963e-09  0.00000000e+00 -1.59341129e+04 -1.23529414e+01  2.76600655e-01  4.82966593e-02 -4.02376928e-05  1.76564254e-08 -3.14365357e-12 -1.41717351e+04  2.47118671e+01 -1.00000000e+00  4.64200000e+02  5.00900000e+00 
S-C3H5CHO  5.81582809e+00  2.72091567e-02 -1.22944512e-05  2.04719561e-09  0.00000000e+00 -1.73301967e+04 -3.21478587e+00  4.35795171e-01  4.48719314e-02 -3.36582931e-05  1.33066870e-08 -2.17839128e-12 -1.60394651e+04  2.37597452e+01 -1.00000000e+00  4.64200000e+02  5.00900000e+00 
S-C3H5CO  7.20127311e+00  2.13843584e-02 -9.24435862e-06  1.47747635e-09  0.00000000e+00 -1.94798235e+03 -1.01786136e+01  1.74191343e+00  3.97229536e-02 -3.20061901e-05  1.38227925e-08 -2.46272017e-12 -6.64428100e+02  1.70762023e+01 -1.00000000e+00  4.64200000e+02  5.00900000e+00 
I-C4H10  2.36122729e+00  3.97363999e-02 -1.75365310e-05  2.86077663e-09  0.00000000e+00 -1.86418282e+04  1.02946784e+01 -9.72807331e-01  5.08660928e-02 -3.12355006e-05  1.02057756e-08 -1.44168766e-12 -1.78542290e+04  2.69572545e+01 -1.00000000e+00  3.35700000e+02  5.20800000e+00 
I-C4H9  2.89663366e+00  3.58985583e-02 -1.58382079e-05  2.58069467e-09  0.00000000e+00  6.02923979e+03  1.09160258e+01 -2.21457835e-01  4.63756324e-02 -2.88282920e-05  9.60200646e-09 -1.39021034e-12  6.76153637e+03  2.64801220e+01 -1.00000000e+00  3.52000000e+02  5.24000000e+00 
T-C4H9 -3.18326148e-01  4.05580570e-02 -1.84308952e-05  3.08533330e-09  0.00000000e+00  4.83060948e+03  2.88573948e+01  3.04300181e+00  2.91276259e-02 -4.01386786e-06 -4.90273974e-09  1.64014891e-12  4.04780980e+03  1.21127351e+01 -1.00000000e+00  3.52000000e+02  5.24000000e+00 
I-C4H8  2.86958571e+00  3.29649207e-02 -1.46431210e-05  2.41629691e-09  0.00000000e+00 -4.43309358e+03  1.00818779e+01  9.38433173e-01  3.90547287e-02 -2.16437148e-05  5.87267077e-09 -6.14435479e-13 -3.95452013e+03  1.98337802e+01 -1.00000000e+00  3.44500000e+02  5.08900000e+00 
I-C4H7  4.86718299e+00  2.75411161e-02 -1.19816020e-05  1.93828198e-09  0.00000000e+00  1.32057306e+04 -1.04709781e+00 -7.20881697e-04  4.36495730e-02 -3.16385877e-05  1.23984983e-08 -2.04378360e-12  1.43654373e+04  2.33234340e+01 -1.00000000e+00  3.55000000e+02  4.65000000e+00 
I-C4H9O2  5.87706680e+00  3.88267404e-02 -1.71467317e-05  2.79162542e-09  0.00000000e+00 -1.29408466e+04  1.52864663e-01  1.21434293e+00  5.45388311e-02 -3.67001593e-05  1.34131042e-08 -2.11741793e-12 -1.18482450e+04  2.34153048e+01 -1.00000000e+00  4.36400000e+02  5.35200000e+00 
T-C4H9O2  7.53191518e+00  3.63475610e-02 -1.57340220e-05  2.51233023e-09  0.00000000e+00 -1.64426227e+04 -1.19048226e+01  1.08742583e+00  5.82780709e-02 -4.33292697e-05  1.76892535e-08 -3.06769606e-12 -1.49456640e+04  2.01871963e+01 -1.00000000e+00  4.76000000e+02  5.77800000e+00 
TC4H8O2H-I-C4H9O2  1.04628955e+01  3.14141746e-02 -1.35326464e-05  2.18982892e-09  0.00000000e+00 -8.68277546e+03 -2.29159786e+01  1.57469723e+00  6.04648659e-02 -4.84991814e-05  2.05236181e-08 -3.52974722e-12 -6.54190901e+03  2.16852700e+01 -1.00000000e+00  5.02200000e+02  5.35600000e+00 
IC4H8O2H-I-C4H9O2  7.24352421e+00  3.83494950e-02 -1.75639338e-05  2.94470921e-09  0.00000000e+00 -5.57565117e+03 -5.41840296e+00  9.94784793e-01  5.89212240e-02 -4.25202225e-05  1.61370574e-08 -2.55904902e-12 -4.08029057e+03  2.58950880e+01 -1.00000000e+00  5.02200000e+02  5.35600000e+00 
IC4H8O2H-T-C4H9O2  6.79169931e+00  3.56792226e-02 -1.55575664e-05  2.54536254e-09  0.00000000e+00 -6.73688506e+03  9.43224996e-02  3.77633001e+00  4.50889269e-02 -2.62423875e-05  7.74736900e-09 -9.11520393e-13 -5.98295842e+03  1.53503399e+01 -1.00000000e+00  5.02200000e+02  5.35600000e+00 
I-C4H8O  6.04731897e+00  3.28235012e-02 -1.45474369e-05  2.39062973e-09  0.00000000e+00 -1.94905574e+04 -8.99076479e+00 -2.97373741e+00  6.24618637e-02 -5.04348211e-05  2.13345360e-08 -3.67382824e-12 -1.73274318e+04  3.62336362e+01 -1.00000000e+00  4.36400000e+02  5.35200000e+00 
C-C4H8O  3.40985522e+00  3.73384112e-02 -1.71078315e-05  2.89836371e-09  0.00000000e+00 -1.58938052e+04  4.11856635e+00 -5.27768230e+00  6.52482242e-02 -5.00209030e-05  1.97452179e-08 -3.15605813e-12 -1.37706522e+04  4.78500688e+01 -1.00000000e+00  4.47300000e+02  5.07800000e+00 
T-C4H9O  6.27385985e+00  3.50061874e-02 -1.54839886e-05  2.54877686e-09  0.00000000e+00 -1.51410941e+04 -7.89953019e+00 -5.32084074e-01  5.71613469e-02 -4.20177228e-05  1.63745425e-08 -2.64124700e-12 -1.34963439e+04  2.62776957e+01 -1.00000000e+00  4.96000000e+02  5.20000000e+00 
I-C4H9O  4.73760155e+00  3.76927973e-02 -1.69702360e-05  2.82396024e-09  0.00000000e+00 -1.14469951e+04  2.96646762e+00 -7.66695776e-01  5.55173852e-02 -3.81796473e-05  1.37862085e-08 -2.07312751e-12 -1.01111245e+04  3.06331234e+01 -1.00000000e+00  4.96000000e+02  5.20000000e+00 
I-C4H9O2H  6.69846902e+00  4.22026876e-02 -1.92667415e-05  3.22483587e-09  0.00000000e+00 -3.02435218e+04 -5.14142199e+00  2.44181899e-01  6.34027841e-02 -4.49162379e-05  1.67406877e-08 -2.61216478e-12 -2.86959808e+04  2.72156229e+01 -1.00000000e+00  4.36400000e+02  5.35200000e+00 
T-C4H9O2H  8.35223367e+00  3.97241795e-02 -1.78531422e-05  2.94514562e-09  0.00000000e+00 -3.37450082e+04 -1.71931850e+01  1.14505932e-01  6.71507854e-02 -5.15578410e-05  2.10256365e-08 -3.56467024e-12 -3.17928725e+04  2.40011030e+01 -1.00000000e+00  4.76000000e+02  5.77800000e+00 
I-C4H7O  4.69209202e+00  3.18284586e-02 -1.46589391e-05  2.50217365e-09  0.00000000e+00  4.11802116e+03  4.48457419e+00  1.74700687e+00  4.07783436e-02 -2.44750243e-05  7.06502958e-09 -7.51570589e-13  4.86979233e+03  1.94535999e+01 -1.00000000e+00  4.96000000e+02  5.20000000e+00 
I-C4H8OH  1.86200544e+00  4.04320397e-02 -1.84711411e-05  3.13000062e-09  0.00000000e+00 -1.42782937e+04  2.27821331e+01  3.29612707e+00  3.47649647e-02 -1.02505618e-05 -2.04641931e-09  1.18879408e-12 -1.45627247e+04  1.58606320e+01 -1.00000000e+00  4.96000000e+02  5.20000000e+00 
I-O2C4H8OH  9.52846883e+00  3.58454789e-02 -1.52896248e-05  2.42867350e-09  0.00000000e+00 -3.49562993e+04 -1.48435722e+01  2.88826008e+00  5.80363124e-02 -4.26690874e-05  1.71759332e-08 -2.91842186e-12 -3.33881503e+04  1.83381149e+01 -1.00000000e+00  4.96000000e+02  5.20000000e+00 
I-C3H7CHO  3.80412072e+00  3.61930495e-02 -1.66801482e-05  2.83275607e-09  0.00000000e+00 -2.86218337e+04  7.73143276e+00 -2.73021382e-01  4.89696307e-02 -3.12770049e-05  1.00052945e-08 -1.27512074e-12 -2.76054737e+04  2.83451139e+01 -1.00000000e+00  4.36400000e+02  5.35200000e+00 
T-C3H6CHO  5.27189937e+00  3.04678703e-02 -1.35687842e-05  2.24154952e-09  0.00000000e+00 -9.80235874e+03 -4.77475804e-01  1.87052762e+00  4.14869677e-02 -2.66815701e-05  9.01531610e-09 -1.27870633e-12 -8.97730744e+03  1.66174178e+01 -1.00000000e+00  4.36400000e+02  5.35200000e+00 
I-C3H6CHO  4.32382237e+00  3.23669387e-02 -1.49721435e-05  2.54815184e-09  0.00000000e+00 -3.94282026e+03  7.60205619e+00  5.21481767e-01  4.43114357e-02 -2.86617314e-05  9.30319894e-09 -1.20761563e-12 -2.99677086e+03  2.68182130e+01 -1.00000000e+00  4.36400000e+02  5.35200000e+00 
I-C3H7CO  4.19401930e+00  3.26643678e-02 -1.51795684e-05  2.59368838e-09  0.00000000e+00 -1.00019152e+04  7.52044189e+00  5.03452639e-01  4.41607510e-02 -2.82139091e-05  8.93548675e-09 -1.11327422e-12 -9.07755468e+03  2.61991461e+01 -1.00000000e+00  4.36400000e+02  5.35200000e+00 
TC4H8OOH-IO2-C4H9O4  1.19917356e+01  3.84982897e-02 -1.71481178e-05  2.78995137e-09  0.00000000e+00 -2.78497361e+04 -2.81205600e+01  2.17782096e+00  7.17785118e-02 -5.88836046e-05  2.56759171e-08 -4.61678643e-12 -2.55622378e+04  2.07846231e+01 -1.00000000e+00  4.76000000e+02  5.77800000e+00 
IC4H8OOH-IO2-C4H9O4  1.02811295e+01  4.10848092e-02 -1.86245287e-05  3.08172134e-09  0.00000000e+00 -2.43278084e+04 -1.68477698e+01  2.39424426e+00  6.76572549e-02 -5.17083682e-05  2.10796041e-08 -3.59960373e-12 -2.24787495e+04  2.25029839e+01 -1.00000000e+00  4.36400000e+02  5.35200000e+00 
IC4H8OOH-TO2-C4H9O4  1.19917356e+01  3.84982897e-02 -1.71481178e-05  2.78995137e-09  0.00000000e+00 -2.78497361e+04 -2.81205600e+01  2.17782096e+00  7.17785118e-02 -5.88836046e-05  2.56759171e-08 -4.61678643e-12 -2.55622378e+04  2.07846231e+01 -1.00000000e+00  4.36400000e+02  5.35200000e+00 
IC4KETII-C4H8O3  8.03779637e+00  3.86750265e-02 -1.81855710e-05  3.11084586e-09  0.00000000e+00 -3.99392346e+04 -7.60690896e+00  1.15501614e+00  6.10622345e-02 -4.49711323e-05  1.70514654e-08 -2.65948602e-12 -3.82747956e+04  2.69612235e+01 -1.00000000e+00  4.36400000e+02  5.35200000e+00 
IC4KETIT-C4H8O3  8.70575006e+00  3.92058884e-02 -1.89693745e-05  3.31766184e-09  0.00000000e+00 -4.27925751e+04 -1.46215898e+01  1.14243741e+00  6.33840797e-02 -4.73084738e-05  1.77145373e-08 -2.67265475e-12 -4.09366796e+04  2.34844867e+01 -1.00000000e+00  4.36400000e+02  5.35200000e+00 
I-C4H7OH  4.51639244e+00  3.41233243e-02 -1.54939573e-05  2.62031163e-09  0.00000000e+00 -2.21719085e+04  5.59170103e+00  1.69099899e+00  4.27168891e-02 -2.49281695e-05  7.00961522e-09 -7.23262828e-13 -2.14512334e+04  1.99500833e+01 -1.00000000e+00  5.02200000e+02  5.35600000e+00 
I-C4H6OH  6.23253527e+00  2.92997409e-02 -1.31836016e-05  2.19174644e-09  0.00000000e+00 -4.44108779e+03 -4.02814898e+00  8.63371227e-01  4.68711282e-02 -3.43580339e-05  1.33031052e-08 -2.13914975e-12 -3.14948305e+03  2.29075523e+01 -1.00000000e+00  5.02200000e+02  5.35600000e+00 
I-C3H5CHO  7.19597854e+00  2.49956291e-02 -1.10451332e-05  1.80920430e-09  0.00000000e+00 -1.72891601e+04 -1.12990296e+01  6.27183793e-01  4.66780254e-02 -3.74430631e-05  1.58330542e-08 -2.73952155e-12 -1.57203117e+04  2.16034294e+01 -1.00000000e+00  4.36400000e+02  5.35200000e+00 
I-C3H5CO  8.63232766e+00  1.91159224e-02 -8.00161116e-06  1.24510072e-09  0.00000000e+00 -1.42477548e+03 -1.85563686e+01  1.85097069e+00  4.18855846e-02 -3.62553731e-05  1.65690659e-08 -3.05850846e-12  1.70381441e+02  1.53014433e+01 -1.00000000e+00  4.36400000e+02  5.35200000e+00 
T-C3H6OCHO  6.53671659e+00  3.47812495e-02 -1.68204949e-05  2.96910513e-09  0.00000000e+00 -2.33929526e+04 -5.43390243e+00  3.70830259e-01  5.38475661e-02 -3.82477565e-05  1.32882237e-08 -1.79228730e-12 -2.18391262e+04  2.58142112e+01 -1.00000000e+00  4.36400000e+02  5.35200000e+00 
I-C3H6CO  7.75337340e+00  2.34189265e-02 -9.95663860e-06  1.57607259e-09  0.00000000e+00 -1.76870893e+04 -1.35326559e+01  2.28039055e+00  4.17016989e-02 -3.25089661e-05  1.37243419e-08 -2.40573132e-12 -1.63939712e+04  1.38187714e+01 -1.00000000e+00  4.36400000e+02  5.35200000e+00 
I-C4H7OOH  8.26065337e+00  3.30637100e-02 -1.47834745e-05  2.44188815e-09  0.00000000e+00 -1.63753273e+04 -1.09741050e+01  2.99117402e+00  5.03349278e-02 -3.56280061e-05  1.33952154e-08 -2.11053409e-12 -1.51095046e+04  1.54537413e+01 -1.00000000e+00  4.36400000e+02  5.35200000e+00 
T-C3H6OHCHO  6.48072800e+00  3.68015229e-02 -1.74230513e-05  3.03095019e-09  0.00000000e+00 -4.96130419e+04 -4.96242614e+00  2.10033500e-01  5.63086284e-02 -3.95158669e-05  1.37780428e-08 -1.89068805e-12 -4.80402638e+04  2.67836070e+01 -1.00000000e+00  4.36400000e+02  5.35200000e+00 
T-C3H6OH  3.57024115e+00  2.75718447e-02 -1.18848833e-05  1.90916657e-09  0.00000000e+00 -1.42350937e+04  1.08472133e+01  2.31803956e+00  3.17304980e-02 -1.69638706e-05  4.59998773e-09 -5.18285520e-13 -1.39382712e+04  1.71105868e+01 -1.00000000e+00  4.59500000e+02  5.03600000e+00 
I-C3H5OH  3.22650689e+00  2.68543198e-02 -1.24803899e-05  2.14774657e-09  0.00000000e+00 -2.16977830e+04  1.04184099e+01  1.58376391e+00  3.16215366e-02 -1.73664942e-05  4.18927663e-09 -2.79899620e-13 -2.12643496e+04  1.88313766e+01 -1.00000000e+00  4.59500000e+02  5.03600000e+00 
T-C3H6O2CHO  7.75936438e+00  3.61936186e-02 -1.71113496e-05  2.94210397e-09  0.00000000e+00 -2.41005803e+04 -8.00487441e+00  2.17883383e+00  5.41595832e-02 -3.83435886e-05  1.38308104e-08 -2.04190147e-12 -2.27394154e+04  2.00751264e+01 -1.00000000e+00  4.36400000e+02  5.35200000e+00 
T-C3H6O2HCO  8.96524420e+00  3.61099688e-02 -1.78057941e-05  3.15608688e-09  0.00000000e+00 -2.41414928e+04 -1.45897890e+01  2.03864428e+00  5.80421003e-02 -4.32123528e-05  1.58792094e-08 -2.32209543e-12 -2.24284673e+04  2.03680990e+01 -1.00000000e+00  4.36400000e+02  5.35200000e+00 
I-C3H5O2HCHO  9.13271071e+00  3.57329937e-02 -1.75508226e-05  3.10129886e-09  0.00000000e+00 -1.80921957e+04 -1.42975879e+01  2.05984770e+00  5.82331716e-02 -4.37672100e-05  1.63249918e-08 -2.43462051e-12 -1.63496250e+04  2.13687921e+01 -1.00000000e+00  4.36400000e+02  5.35200000e+00 
CH2CCH2OH  3.58191118e+00  2.26426214e-02 -1.04500902e-05  1.79729408e-09  0.00000000e+00  1.15828067e+04  1.15174392e+01  2.88422544e+00  2.42428071e-02 -1.14152268e-05  1.71775334e-09  1.42177454e-13  1.17935615e+04  1.52102335e+01 -1.00000000e+00  4.81500000e+02  4.99700000e+00 
T-C4H8CHO  6.73920687e+00  3.97107995e-02 -1.85415241e-05  3.18089084e-09  0.00000000e+00 -8.76197245e+03 -5.43601809e+00 -9.58078294e-01  6.42003258e-02 -4.70776827e-05  1.75737698e-08 -2.64896151e-12 -6.86582501e+03  3.33781112e+01 -1.00000000e+00  4.76000000e+02  5.77800000e+00 
O2C4H8CHO  9.45131583e+00  4.25531342e-02 -1.96310770e-05  3.32981640e-09  0.00000000e+00 -2.68263181e+04 -1.40686739e+01  1.91847699e+00  6.67245869e-02 -4.80871046e-05  1.78588690e-08 -2.71163880e-12 -2.49837984e+04  2.38577867e+01 -1.00000000e+00  4.76000000e+02  5.77800000e+00 
O2HC4H8CO  9.63445378e+00  4.52118772e-02 -2.22070130e-05  3.94450924e-09  0.00000000e+00 -2.66261664e+04 -1.54581675e+01  1.82607262e+00  6.93466111e-02 -4.93125140e-05  1.69848340e-08 -2.26117657e-12 -2.46578311e+04  2.41167544e+01 -1.00000000e+00  4.76000000e+02  5.77800000e+00 
C3H5OH  3.39280656e+00  2.60229652e-02 -1.19108872e-05  2.03397740e-09  0.00000000e+00 -1.72274652e+04  1.05159897e+01  1.08899314e+00  3.28481769e-02 -1.91322648e-05  5.21635136e-09 -4.82394566e-13 -1.66282463e+04  2.22754535e+01 -1.00000000e+00  4.81500000e+02  4.99700000e+00 
MB-C5H10O2  5.64030937e+00  4.73326649e-02 -2.18057097e-05  3.67706858e-09  0.00000000e+00 -5.79434694e+04  1.49889273e+00  3.16208825e+00  5.52915358e-02 -3.11610102e-05  8.42394129e-09 -8.72222021e-13 -5.73385240e+04  1.39723817e+01 -1.00000000e+00  4.68000000e+02  2.05000000e+00 
MB4JDO-C5H7O3  7.83877199e+00  3.88708508e-02 -1.81782169e-05  3.08803908e-09  0.00000000e+00 -4.92272708e+04 -4.48201334e+00  6.38426236e+00  4.37450180e-02 -2.41898607e-05  6.30686346e-09 -6.26838199e-13 -4.88853020e+04  2.78080598e+00 -1.00000000e+00  5.23600000e+02  5.96000000e+00 
MBMJDO-C5H7O3  9.63959627e+00  3.60729929e-02 -1.66987652e-05  2.82174087e-09  0.00000000e+00 -4.86404127e+04 -1.77733527e+01  3.08666210e+00  5.76146250e-02 -4.27917498e-05  1.65945506e-08 -2.66852301e-12 -4.70701309e+04  1.50737674e+01 -1.00000000e+00  5.23600000e+02  5.96000000e+00 
MB2D-C5H8O2  6.13603919e+00  4.10631908e-02 -1.91225010e-05  3.24626261e-09  0.00000000e+00 -4.47999463e+04  2.58800399e-01  2.12280888e+00  5.41231045e-02 -3.47438144e-05  1.13620695e-08 -1.54117689e-12 -4.38302847e+04  2.04119815e+01 -1.00000000e+00  4.68500000e+02  5.23000000e+00 
MB3D-C5H8O2  6.17212366e+00  4.10355309e-02 -1.91301158e-05  3.25171131e-09  0.00000000e+00 -4.21920035e+04 -8.76606890e-01  9.53846565e-01  5.80042013e-02 -3.94176609e-05  1.37938985e-08 -2.00503547e-12 -4.09300863e+04  2.53322728e+01 -1.00000000e+00  4.68500000e+02  5.23000000e+00 
MB4DO-C5H8O3  7.43524200e+00  4.24012417e-02 -1.96564170e-05  3.31893556e-09  0.00000000e+00 -6.78398749e+04 -3.77893270e+00  5.63718132e+00  4.84424662e-02 -2.71323608e-05  7.33939250e-09 -7.87676907e-13 -6.74180240e+04  5.19514478e+00 -1.00000000e+00  5.23600000e+02  5.96000000e+00 
MBMDO-C5H8O3  9.26951930e+00  3.95601793e-02 -1.81723143e-05  3.05520883e-09  0.00000000e+00 -7.19975783e+04 -1.71208486e+01  2.28892965e+00  6.25201246e-02 -4.59995280e-05  1.77521590e-08 -2.84909209e-12 -7.03256425e+04  1.78663076e+01 -1.00000000e+00  5.23600000e+02  5.96000000e+00 
MB4O-C5H9O3  7.80912092e+00  4.49907787e-02 -2.07522621e-05  3.49868087e-09  0.00000000e+00 -5.03446611e+04 -5.79384807e+00  3.67824444e+00  5.85187362e-02 -3.70507685e-05  1.20353269e-08 -1.63522073e-12 -4.93520453e+04  1.49257879e+01 -1.00000000e+00  5.23600000e+02  5.96000000e+00 
MB3O-C5H9O3  9.22495490e+00  4.28515540e-02 -1.95448121e-05  3.26307409e-09  0.00000000e+00 -5.29481669e+04 -1.38396816e+01  3.13467578e+00  6.30456975e-02 -4.42387253e-05  1.64295867e-08 -2.57646370e-12 -5.14999905e+04  1.66385677e+01 -1.00000000e+00  5.23600000e+02  5.96000000e+00 
MB2O-C5H9O3  8.96118342e+00  4.43098834e-02 -2.06959313e-05  3.52380452e-09  0.00000000e+00 -5.23350521e+04 -1.31371624e+01  1.10723649e+00  6.98963165e-02 -5.13654106e-05  1.95192515e-08 -3.05845387e-12 -5.04383329e+04  2.62970853e+01 -1.00000000e+00  5.23600000e+02  5.96000000e+00 
MBMO-C5H9O3  6.89135117e+00  4.68838161e-02 -2.19806296e-05  3.75649336e-09  0.00000000e+00 -5.61208165e+04 -1.53272732e+00  5.10625642e+00  5.23330759e-02 -2.79738832e-05  6.53560014e-09 -4.50018254e-13 -5.56673735e+04  7.53177303e+00 -1.00000000e+00  5.23600000e+02  5.96000000e+00 
MB4OH3J-C5H9O3  6.38301756e+00  4.69236332e-02 -2.24762116e-05  3.93849646e-09  0.00000000e+00 -5.27154122e+04  5.04597309e+00  4.80276319e+00  5.08772473e-02 -2.55208868e-05  4.48802201e-09  1.21789913e-13 -5.22588125e+04  1.33170844e+01 -1.00000000e+00 -1.00000000e+00 -1.00000000e+00 
MB2OH3J-C5H9O3  7.74807047e+00  4.55799984e-02 -2.19413662e-05  3.85864113e-09  0.00000000e+00 -5.47525535e+04 -3.35607546e+00  2.17131567e+00  6.26699582e-02 -4.09124821e-05  1.28380127e-08 -1.52146068e-12 -5.33376241e+04  2.49496214e+01 -1.00000000e+00  5.23600000e+02  5.96000000e+00 
MB3OH4J-C5H9O3  9.60334511e+00  4.14022025e-02 -1.87289140e-05  3.10774644e-09  0.00000000e+00 -5.44646635e+04 -1.30741373e+01  3.98781775e+00  6.00803666e-02 -4.16474031e-05  1.53723419e-08 -2.40874305e-12 -5.31331221e+04  1.50116192e+01 -1.00000000e+00  5.23600000e+02  5.96000000e+00 
MB3OOH3J-C5H9O4  1.03617475e+01  4.48623623e-02 -2.09224721e-05  3.56119141e-09  0.00000000e+00 -5.06886772e+04 -1.29039106e+01  8.96906512e+00  4.90868502e-02 -2.55220895e-05  5.65769198e-09 -3.28688689e-13 -5.03334204e+04 -5.82494239e+00 -1.00000000e+00 -1.00000000e+00 -1.00000000e+00 
MB3OH4OO-C5H9O5  1.24224916e+01  4.39405899e-02 -1.96812658e-05  3.23995669e-09  0.00000000e+00 -7.33212076e+04 -2.20954924e+01  6.82076367e+00  6.26862027e-02 -4.28355893e-05  1.57186773e-08 -2.46828189e-12 -7.20002019e+04  5.88891952e+00 -1.00000000e+00  5.41500000e+02  5.67400000e+00 
MB2OH3OO-C5H9O5  1.34741603e+01  4.29957777e-02 -1.93809100e-05  3.20996100e-09  0.00000000e+00 -7.52253813e+04 -2.98696178e+01  4.06288722e+00  7.41147900e-02 -5.73305704e-05  2.33973372e-08 -3.94545505e-12 -7.29814806e+04  1.72542099e+01 -1.00000000e+00  5.41500000e+02  5.67400000e+00 
MB4OOHMOO-C5H9O6  1.61390363e+01  4.36585627e-02 -1.99817159e-05  3.34693939e-09  0.00000000e+00 -6.76465951e+04 -3.89248746e+01  6.66761447e+00  7.48831434e-02 -5.79318356e-05  2.34591240e-08 -3.91522378e-12 -6.53824251e+04  8.52661304e+00 -1.00000000e+00 -1.00000000e+00 -1.00000000e+00 
MBMOOH4OO-C5H9O6  1.61390363e+01  4.36585627e-02 -1.99817159e-05  3.34693939e-09  0.00000000e+00 -6.76465951e+04 -3.89248746e+01  6.66761447e+00  7.48831434e-02 -5.79318356e-05  2.34591240e-08 -3.91522378e-12 -6.53824251e+04  8.52661304e+00 -1.00000000e+00 -1.00000000e+00 -1.00000000e+00 
MB2OO-C5H9O4  1.12313514e+01  4.42335781e-02 -2.05532417e-05  3.48789831e-09  0.00000000e+00 -5.32212662e+04 -2.27027585e+01  3.19155163e+00  7.04371930e-02 -5.19794760e-05  1.98887214e-08 -3.13840389e-12 -5.12803874e+04  1.76613732e+01 -1.00000000e+00  5.23600000e+02  5.96000000e+00 
MB3OO-C5H9O4  8.87363959e+00  4.59660432e-02 -2.09320286e-05  3.49326702e-09  0.00000000e+00 -5.42754594e+04 -8.59191768e+00  5.29418016e+00  5.78295087e-02 -3.54164037e-05  1.11894585e-08 -1.49582244e-12 -5.34244911e+04  9.32139264e+00 -1.00000000e+00  5.23600000e+02  5.96000000e+00 
MB4OO-C5H9O4  7.48231154e+00  4.82705059e-02 -2.22689443e-05  3.75586626e-09  0.00000000e+00 -5.17266740e+04  3.54531753e-01  6.02462803e+00  5.29337859e-02 -2.77099866e-05  6.47884478e-09 -4.87532752e-13 -5.13701878e+04  7.69531750e+00 -1.00000000e+00  5.23600000e+02  5.96000000e+00 
MBMOO-C5H9O4  1.20290605e+01  4.12727989e-02 -1.83875388e-05  3.01520247e-09  0.00000000e+00 -5.59745442e+04 -2.46866494e+01  3.91998917e+00  6.82937112e-02 -5.16228283e-05  2.08593299e-08 -3.52067891e-12 -5.40543953e+04  1.58576906e+01 -1.00000000e+00  5.23600000e+02  5.96000000e+00 
MB3D-C5H8O2  6.17212366e+00  4.10355309e-02 -1.91301158e-05  3.25171131e-09  0.00000000e+00 -4.21920035e+04 -8.76606890e-01  9.53846565e-01  5.80042013e-02 -3.94176609e-05  1.37938985e-08 -2.00503547e-12 -4.09300863e+04  2.53322728e+01 -1.00000000e+00  4.68500000e+02  5.23000000e+00 
ME2DO-C3H4O3  4.18704242e+00  3.03107929e-02 -1.56782942e-05  2.87085680e-09  0.00000000e+00 -5.62874607e+04  1.00835346e+01  2.97564841e+00  3.39801893e-02 -1.96979934e-05  4.74764207e-09 -3.15088446e-13 -5.59770438e+04  1.62451782e+01 -1.00000000e+00  5.23600000e+02  5.96000000e+00 
ME2J-C3H5O2  4.93229099e+00  2.69059654e-02 -1.31031021e-05  2.29955096e-09  0.00000000e+00 -2.81990844e+04  1.43437000e+00  2.69086507e+00  3.38248090e-02 -2.08509956e-05  6.00451093e-09 -6.34484103e-13 -2.76337923e+04  1.27963293e+01 -1.00000000e+00  4.96000000e+02  5.20000000e+00 
ME2JDO-C3H3O3  4.86427197e+00  2.62285722e-02 -1.38900101e-05  2.58432120e-09  0.00000000e+00 -3.77666798e+04  7.89622634e+00  3.52662076e+00  3.01375260e-02 -1.79730307e-05  4.37410569e-09 -2.78066542e-13 -3.74143315e+04  1.47418718e+01 -1.00000000e+00  5.23600000e+02  5.96000000e+00 
MM1O-C2H3O3  5.21192513e+00  2.10597609e-02 -1.07365542e-05  1.94302909e-09  0.00000000e+00 -4.77380882e+04 -5.29319074e-01  2.83912633e+00  2.82845016e-02 -1.86859928e-05  5.65887946e-09 -6.18353637e-13 -4.71331387e+04  1.15273446e+01 -1.00000000e+00  5.23600000e+02  5.96000000e+00 
MMMO-C2H3O3  2.64583321e+00  2.57459812e-02 -1.36638698e-05  2.54852538e-09  0.00000000e+00 -4.20056381e+04  1.78333944e+01  5.19690837e+00  1.58839723e-02  3.53540547e-07 -6.10456923e-09  1.94661801e-12 -4.25242289e+04  5.46220563e+00 -1.00000000e+00  5.23600000e+02  5.96000000e+00 
MP2D-C4H6O2  5.87894841e+00  3.18268733e-02 -1.49820978e-05  2.56252532e-09  0.00000000e+00 -4.03570172e+04  5.85170825e-03  2.05265608e+00  4.42654500e-02 -2.98476063e-05  1.02829815e-08 -1.46723207e-12 -3.94315114e+04  1.92244429e+01 -1.00000000e+00  4.30100000e+02  5.83300000e+00 
MP2OH3J-C4H7O3  8.58050248e+00  3.38282438e-02 -1.56587495e-05  2.64521595e-09  0.00000000e+00 -5.06920214e+04 -1.01537583e+01  1.99093068e+00  5.54839544e-02 -4.18825240e-05  1.64839204e-08 -2.68106873e-12 -4.91125091e+04  2.28789334e+01 -1.00000000e+00  5.23600000e+02  5.96000000e+00 
MP2OH3OO-C4H7O5  1.13121808e+01  3.66453030e-02 -1.68157228e-05  2.82283925e-09  0.00000000e+00 -6.95170759e+04 -1.87116821e+01  5.07748961e+00  5.71628740e-02 -4.16965194e-05  1.59704839e-08 -2.54972796e-12 -6.80245370e+04  1.25337496e+01 -1.00000000e+00  4.68500000e+02  5.23000000e+00 
MP3DO-C4H6O3  2.43041475e+00  4.29320813e-02 -2.17512065e-05  3.92722068e-09  0.00000000e+00 -6.31445904e+04  2.16027437e+01  3.05791046e+00  4.08245981e-02 -1.91405508e-05  2.51837622e-09  2.78176317e-13 -6.32919872e+04  1.84703831e+01 -1.00000000e+00  5.23600000e+02  5.96000000e+00 
MP3J-C4H7O2  5.25654053e+00  3.49900668e-02 -1.62705790e-05  2.75813474e-09  0.00000000e+00 -3.00740615e+04  4.29213676e+00  4.06577480e+00  3.88324925e-02 -2.08048750e-05  5.06251249e-09 -4.21741752e-13 -2.97848227e+04  1.02796868e+01 -1.00000000e+00  4.30100000e+02  5.83300000e+00 
MP3JDO-C4H5O3  4.78664219e+00  3.71725834e-02 -1.92671297e-05  3.52996156e-09  0.00000000e+00 -4.23605612e+04  9.52645473e+00  4.96745222e+00  3.62480066e-02 -1.77176819e-05  2.48155628e-09  2.42724279e-13 -4.23820090e+04  8.71610358e+00 -1.00000000e+00  5.23600000e+02  5.96000000e+00 
CJHCHCHCO-C4H3O  1.21291389e+01  8.33779791e-03 -2.73701681e-06  3.02277463e-10  0.00000000e+00  2.60942268e+04 -3.60193147e+01  6.64782318e-01  4.72293419e-02 -5.15535776e-05  2.71181935e-08 -5.42654263e-12  2.87663279e+04  2.11083886e+01 -1.00000000e+00  4.70600000e+02  4.41000000e+00 
CHOOCO  6.83624017e+00  1.18088107e-02 -6.36161204e-06  1.19549401e-09  0.00000000e+00 -3.49206919e+04 -5.99232019e+00  2.78875605e+00  2.44800708e-02 -2.08392263e-05  8.32687865e-09 -1.27754638e-12 -3.39103033e+04  1.44765150e+01 -1.00000000e+00  3.95000000e+02  4.03700000e+00 
C5H7O2  5.38575960e+00  4.06239624e-02 -1.97561462e-05  3.46319781e-09  0.00000000e+00 -2.50449612e+04  1.91023946e+00  9.98440168e-01  5.44041933e-02 -3.55466741e-05  1.12528385e-08 -1.39202431e-12 -2.39532533e+04  2.40832606e+01 -1.00000000e+00  4.68500000e+02  5.23000000e+00 
CH2CHCHCO  1.06577517e+01  1.33732261e-02 -5.05735308e-06  6.99186707e-10  0.00000000e+00 -3.38617306e+03 -2.96672636e+01 -1.74329010e-01  4.99882693e-02 -5.08353583e-05  2.57383902e-08 -5.04416081e-12 -8.53247629e+02  2.43466973e+01 -1.00000000e+00  3.57000000e+02  5.18000000e+00 
CH2COOH  4.81361245e+00  1.50822523e-02 -6.83543884e-06  1.14010492e-09  0.00000000e+00 -2.85361981e+04  4.39980895e+00  1.69124618e+00  2.53013086e-02 -1.91526770e-05  7.60687742e-09 -1.24622437e-12 -2.77850622e+04  2.00638791e+01 -1.00000000e+00  3.57100000e+02  4.72000000e+00 
C2H3CO2  7.04428531e+00  1.56900423e-02 -6.78956880e-06  1.08360947e-09  0.00000000e+00 -1.40292534e+04 -8.11608501e+00  4.35773054e-01  3.77979036e-02 -3.41142335e-05  1.58434041e-08 -2.93447894e-12 -1.24695031e+04  2.49020597e+01 -1.00000000e+00  3.57100000e+02  4.72000000e+00 
CH3COCH3  1.07057510e+00  3.05641014e-02 -1.43848777e-05  2.47538664e-09  0.00000000e+00 -2.75121809e+04  2.06647304e+01  1.30767163e+00  2.92021742e-02 -1.19045617e-05  6.52150087e-10  4.67751203e-13 -2.75328269e+04  1.96395025e+01 -1.00000000e+00  4.35500000e+02  4.86000000e+00 
C4H72-1-C4H7  3.81780717e+00  2.91017034e-02 -1.29034435e-05  2.12640447e-09  0.00000000e+00  1.39849665e+04  5.09803833e+00 -3.50508352e-01  4.26511243e-02 -2.90979373e-05  1.05403914e-08 -1.60059854e-12  1.49933591e+04  2.60350552e+01 -1.00000000e+00  3.57100000e+02  4.72000000e+00 
CH3CHOCHO  6.31075031e+00  2.35566729e-02 -1.07126303e-05  1.78975451e-09  0.00000000e+00 -1.88880213e+04 -3.22988781e+00  5.06096897e-01  4.26121702e-02 -3.37628379e-05  1.39422914e-08 -2.35317319e-12 -1.74952136e+04  2.58742916e+01 -1.00000000e+00  4.27000000e+02  5.11700000e+00 
C3H6OOH-3J1-C3H7O2  6.08114425e+00  3.01339820e-02 -1.38628569e-05  2.32905861e-09  0.00000000e+00 -1.16933310e+03  3.85778881e-01  1.88331465e+00  4.40156051e-02 -3.07858462e-05  1.13214862e-08 -1.75323184e-12 -1.68779168e+02  2.14040621e+01 -1.00000000e+00  4.35200000e+02  4.66200000e+00 
C3H6OOH-2J1-C3H7O2  6.11209376e+00  2.71994345e-02 -1.18138942e-05  1.92988821e-09  0.00000000e+00 -1.58345092e+03  3.06472503e+00  2.87774562e+00  3.74166999e-02 -2.36058063e-05  7.79930860e-09 -1.06042562e-12 -7.82368119e+02  1.93941340e+01 -1.00000000e+00  4.35200000e+02  4.66200000e+00 
C3H6OOH-1J2-C3H7O2  9.51872798e+00  2.24339261e-02 -9.25253217e-06  1.44422939e-09  0.00000000e+00 -3.66915364e+03 -1.71895551e+01  2.09193950e+00  4.69220394e-02 -3.90280831e-05  1.72381453e-08 -3.07968979e-12 -1.89377918e+03  2.00178282e+01 -1.00000000e+00  4.35200000e+02  4.66200000e+00 
MB4J-C5H9O2  6.19602775e+00  4.35146059e-02 -2.01340580e-05  3.40386743e-09  0.00000000e+00 -3.33022259e+04  1.23569784e+00  3.80046694e+00  5.12461895e-02 -2.92784207e-05  8.08008533e-09 -8.67877952e-13 -3.27198149e+04  1.32824736e+01 -1.00000000e+00  4.68500000e+02  5.23000000e+00 
MB3J-C5H9O2  4.38451317e+00  4.69549480e-02 -2.26880461e-05  3.99753638e-09  0.00000000e+00 -3.41462895e+04  1.13584685e+01  4.23259914e+00  4.61048242e-02 -1.97581616e-05  1.29579481e-09  7.73894868e-13 -3.40252853e+04  1.25001418e+01 -1.00000000e+00  4.68500000e+02  5.23000000e+00 
MB2J-C5H9O2  6.92846565e+00  4.39096290e-02 -2.07187573e-05  3.54779574e-09  0.00000000e+00 -3.73835304e+04 -5.04300778e+00  2.83707661e+00  5.72149406e-02 -3.66205872e-05  1.18010771e-08 -1.56537395e-12 -3.63944327e+04  1.55051596e+01 -1.00000000e+00  4.68500000e+02  5.23000000e+00 
MBMJ-C5H9O2  7.64966409e+00  4.08017987e-02 -1.86476374e-05  3.13742206e-09  0.00000000e+00 -3.41575266e+04 -7.10922077e+00  2.73723554e+00  5.65367209e-02 -3.71218633e-05  1.25308215e-08 -1.74166718e-12 -3.29545003e+04  1.76311079e+01 -1.00000000e+00  4.68500000e+02  5.23000000e+00 
MP2D3J-4H5O2  7.11173321e+00  2.63674009e-02 -1.19726020e-05  1.98790269e-09  0.00000000e+00 -1.71898290e+04 -7.23766914e+00  3.06570984e+00  3.96162757e-02 -2.79425307e-05  1.03652294e-08 -1.61024935e-12 -1.62172152e+04  1.30574799e+01 -1.00000000e+00  4.68500000e+02  5.23000000e+00 
MP2D2J-C4H5O2  7.46849346e+00  2.73336419e-02 -1.28421520e-05  2.17787677e-09  0.00000000e+00 -1.98390053e+04 -1.11332817e+01  1.93515521e+00  4.54099414e-02 -3.45825082e-05  1.35630436e-08 -2.18777192e-12 -1.85057687e+04  1.66354308e+01 -1.00000000e+00  3.57100000e+02  4.72000000e+00 
MP2DMJ-C4H5O2  1.00609255e+01  2.32348343e-02 -1.08980715e-05  1.85720907e-09  0.00000000e+00 -1.73060645e+04 -2.41236917e+01  3.33358736e+00  4.52872230e-02 -3.75332781e-05  1.58798086e-08 -2.71244352e-12 -1.56896797e+04  9.61623922e+00 -1.00000000e+00  3.57100000e+02  4.72000000e+00 
ME-C3H6O2  4.12187196e+00  2.89389692e-02 -1.25618648e-05  2.00268499e-09  0.00000000e+00 -5.15015548e+04  5.85057297e+00  2.52235820e+00  3.41931289e-02 -1.89047438e-05  5.32401883e-09 -6.33100827e-13 -5.11185412e+04  1.38680663e+01 -1.00000000e+00  3.57100000e+02  4.72000000e+00 
MEMJ-C3H5O2  7.64608158e+00  2.22716045e-02 -1.01664392e-05  1.69580158e-09  0.00000000e+00 -2.82893117e+04 -1.18996383e+01  3.87187920e+00  3.46323614e-02 -2.50705349e-05  9.51853192e-09 -1.50518911e-12 -2.73821006e+04  7.03163958e+00 -1.00000000e+00  3.57100000e+02  4.72000000e+00 
BA4J-C4H7O2  7.56283207e+00  3.01708361e-02 -1.34050914e-05  2.21371052e-09  0.00000000e+00 -3.62856131e+04 -7.42668889e+00  1.80576858e+00  4.90137730e-02 -3.61169100e-05  1.41367909e-08 -2.29713521e-12 -3.49007549e+04  2.14545929e+01 -1.00000000e+00  3.57100000e+02  4.72000000e+00 
BAOJ-C4H7O2  6.96286815e+00  3.11233007e-02 -1.38168261e-05  2.27572647e-09  0.00000000e+00 -3.16552518e+04 -5.16354604e+00  1.40541432e+00  4.93070945e-02 -3.57244840e-05  1.37694761e-08 -2.21243174e-12 -3.03180933e+04  2.27178782e+01 -1.00000000e+00  4.30100000e+02  5.83300000e+00 
